       1       1       1      0.00000000      0.00000000      0.00000000
       1       2       1      1.79999995      1.79999995      0.00000000
       1       3       1      1.79999995      0.00000000      1.79999995
       1       4       1      0.00000000      1.79999995      1.79999995
       2       1       1      9.65107918     10.29268360     11.50632095
       2       2       1     11.93959999     13.59997940      7.70567083
       2       3       1     10.24638844     12.95910358     10.04255676
       2       4       1     10.33798218      9.74460220      8.31072044
       2       5       1     13.05726337     14.21858692     10.99684238
       2       6       1      8.58009243     12.82938480     12.59397221
       2       7       1      8.23694992      8.47706604      8.75618744
       2       8       1     13.79506969     10.81780720      9.87616158
       2       9       1     13.12271309     14.34731770     14.47939491
       2      10       1     12.34023762     11.64370251     12.68968487
       2      11       1     11.40590382      8.33451843     12.24332714
       2      12       1      9.74328232     10.39523029     14.55573368
       2      13       1     13.23134327      8.78411198      7.67999411
       2      14       1     10.77975273     14.52978992     12.37545586
       2      15       1     14.12073898     14.34868717      5.23500013
       2      16       1     11.49614811      9.67548656      3.04265141
       2      17       1      9.46196365     12.33519077      6.62952709
       2      18       1     10.11481953     12.80097103      3.68755388
       2      19       1     12.64238739     12.81148148      2.07943416
       2      20       1     14.00317764      9.11448574      4.85152483
       2      21       1     11.24798012      8.26154709      5.50063324
       2      22       1      8.79495239      8.65997601      3.67196918
       2      23       1      9.30157375      7.76761389      1.00670815
       2      24       1      8.01188755     12.61924839      1.48190761
       2      25       1     12.58154297      9.04084396      0.48905674
       2      26       1     10.51078224     12.92632389      0.22603987
       2      27       1     12.05848980     11.47627735      5.96596336
       2      28       1      7.74682283     10.24426842      6.55686474
       2      29       1     10.12737656      2.44557476     12.94867325
       2      30       1     11.95863056      5.50738764     13.41318417
       2      31       1     12.99612904      6.54042053     10.50468826
       2      32       1     12.69153214      2.09612727     12.49027824
       2      33       1     10.53600883      1.61567247      8.91638851
       2      34       1      9.18504047      6.93610430     10.78628635
       2      35       1     10.72105789      4.12746525     11.15570354
       2      36       1     14.12696171      6.24360609      7.38156033
       2      37       1      7.99595261      3.93720150      9.85751820
       2      38       1     10.52971458      5.75026178      8.67513371
       2      39       1     12.68723583      3.45482945      9.35356522
       2      40       1      8.27350426      1.03292346     10.92305946
       2      41       1      7.57957745      3.36486220     13.90265942
       2      42       1     14.19605923      6.92558336     13.18019867
       2      43       1      9.01228046      5.90733814     13.37272167
       2      44       1     13.04776192      5.64923668      4.60010767
       2      45       1      9.77812099      2.76143193      3.62981725
       2      46       1     14.06385994      2.04289818      7.30337429
       2      47       1     11.30314827      0.68224716      5.16852188
       2      48       1      8.36037445      0.88539910      5.86262894
       2      49       1      8.98551464      3.40434551      7.07657290
       2      50       1      7.68272400      5.35938549      2.20543718
       2      51       1     10.35469723      3.86773777      1.13718724
       2      52       1     11.35211372      0.79669207      1.87543321
       2      53       1     13.27786827      3.08905840      0.89077467
       2      54       1     12.97787666      2.38604975      4.07777119
       2      55       1      9.23663139      6.40068960      6.22317410
       2      56       1     12.77138805      5.72344685      1.68971527
       2      57       1     11.70406723      3.95539546      5.96303511
       2      58       1      8.52646065      0.76324302      0.56262892
       2      59       1     10.52923584      6.00277853      2.93931675
       2      60       1     14.51986885      7.24196005      2.11317253
       2      61       1      7.19355536     13.83999729      8.15371609
       2      62       1      6.09156752     14.06354237     14.20745754
       2      63       1      0.69856209     11.36495972      7.39796591
       2      64       1      5.53804922     11.05323029     13.37313080
       2      65       1      6.81444645     12.47685051     10.28831863
       2      66       1      1.09010935      8.36485100     11.10482216
       2      67       1      4.98195505     12.18440056      7.99259567
       2      68       1      3.46472120      9.64218616     12.38035011
       2      69       1      1.02144384     12.97585773     10.02213478
       2      70       1      5.64880610      9.64652252     10.27783775
       2      71       1      3.62612033     12.91532516     11.61969566
       2      72       1      2.59927130     10.92340088      9.43633747
       2      73       1      2.29028845      7.47672367      8.05735493
       2      74       1      0.59043223     10.79825592     12.84121323
       2      75       1      5.04886198      8.36798859      7.63106012
       2      76       1      0.78039634     13.68544102     12.87578106
       2      77       1      6.78497362      8.22760677     12.22103882
       2      78       1      2.12659907     14.47849560      7.39107418
       2      79       1      5.05525732     12.17679882      2.00959897
       2      80       1      0.60792720     12.10482693      4.77211857
       2      81       1      7.22561550     12.11966324      4.31382322
       2      82       1      3.53485441     12.47871876      4.99227381
       2      83       1      2.54996753      9.96646690      6.07550192
       2      84       1      4.94199038     10.29204559      4.95773745
       2      85       1      2.86790252      9.41486835      2.94584084
       2      86       1      3.98079157      7.39639711      5.02459526
       2      87       1      0.04519891     10.61205864      1.83621824
       2      88       1      7.21656370      9.90479279      1.46688080
       2      89       1      1.33473361     13.51643753      1.17506194
       2      90       1      3.09352398     11.52626133      0.07280178
       2      91       1      6.09159708      8.00442410      2.97668242
       2      92       1      4.28382015      8.96947002      0.73121279
       2      93       1      5.22581768     14.52812004      6.08562183
       2      94       1      6.43873501      7.41680813      5.64720774
       2      95       1      1.45064604      9.01510811      0.03956364
       2      96       1      5.61986446      1.32417250     12.42180157
       2      97       1      6.44951582      6.22170687      9.43390942
       2      98       1      2.43899131      1.82432020     11.52921009
       2      99       1      6.68522596      1.67043197      8.47198200
       2     100       1      0.82914233      5.02206802      9.33399296
       2     101       1      3.12068939      6.90849972     14.00496578
       2     102       1      4.77618504      3.66725254     10.18318558
       2     103       1      3.78794098      5.13102722      8.16148949
       2     104       1      2.51174235      2.70615292      8.72544670
       2     105       1      3.38324594      3.69721556     13.07917309
       2     106       1      0.15583524      3.83341885     12.12025261
       2     107       1      5.66740942      5.45688438     12.69968414
       2     108       1      0.19339089      0.99352896      9.65251827
       2     109       1      3.65344596      6.53770351     10.75116062
       2     110       1      4.51852465      0.42451698      9.66017056
       2     111       1      0.97468662      2.05498600     14.09714890
       2     112       1      3.11742115      0.20495076     14.42821217
       2     113       1      6.22621059      4.64901257      6.82377911
       2     114       1      1.39531660      7.05481434      5.13439322
       2     115       1      3.15497684      6.25524473      2.79810739
       2     116       1      0.77427298      4.04850912      2.87977266
       2     117       1      3.01118064      2.72063947      1.75401449
       2     118       1      3.96163034      2.45974040      6.13440800
       2     119       1      1.32685149      1.82452929      4.87184715
       2     120       1      1.13165140      4.41344166      5.95066643
       2     121       1      1.53878498      4.86105585      0.23193486
       2     122       1      4.44138432      4.43954706      4.01642990
       2     123       1      4.07700253      0.50506139      3.07364273
       2     124       1      6.93885136      0.42540592      3.10663176
       2     125       1      5.77180243      2.48884416      1.18437326
       2     126       1      5.63059473      5.89451981      0.79234666
       2     127       1      0.04881399      0.97405738      2.59065008
       2     128       1      7.24960327      3.21459246      4.25962305
