           1   1.2614750848015837     
           2  0.69932877576088359     
           3  -8.5375545608365744E-002
           4  0.69932877576057095     
           5   1.2614750848004019     
           6  -8.5375545608127545E-002
           7 -0.35776664078917436     
           8 -0.35776664078871739     
           9  0.98257110230702571     
          10  -2.0884585837796445E-008
          11   1.0970288760926315E-011
          12   1.0287183753362452E-011
          13   1.0970283980272361E-011
          14  -2.0884585504138308E-008
          15   1.0287191014975909E-011
          16   1.0757642754809953E-011
          17   1.0757643553985539E-011
          18  -2.0869664558508696E-008
          19   0.0000000000000000     
          20   0.0000000000000000     
          21   0.0000000000000000     
          22   0.0000000000000000     
          23   0.0000000000000000     
          24   0.0000000000000000     
          25   0.0000000000000000     
          26   0.0000000000000000     
          27   0.0000000000000000     
          28  -1.5023364127499540E-009
          29  -1.9901286234542807E-012
          30  -1.9901286509828515E-012
          31  -1.9901286777040940E-012
          32  -1.5023364220044242E-009
          33  -1.9901286249365883E-012
          34  -1.9901286429426559E-012
          35  -1.9901286420890055E-012
          36  -1.5023364107158044E-009
          37  -8.5240851665410982E-010
          38  -2.2212441829855224E-013
          39  -1.9125397298711322E-013
          40  -2.2212438886415732E-013
          41  -8.5240850525475365E-010
          42  -1.9125393907932555E-013
          43  -1.9125398616906346E-013
          44  -1.9125396231979204E-013
          45  -8.4897116821847739E-010
          46  -1.7260244136803096E-009
          47  -6.1988253233178909E-013
          48  -6.9661416959764725E-013
          49  -6.1988260667216511E-013
          50  -1.7260243831137228E-009
          51  -6.9661410522314326E-013
          52  -6.1988255051652768E-013
          53  -6.1988250215624035E-013
          54  -1.7254546851408401E-009
          55  -1.6078683973709699E-009
          56  -2.0458169215679405E-012
          57  -2.0627616526239204E-012
          58  -2.0458168430585742E-012
          59  -1.6078684786654334E-009
          60  -2.0627616102722731E-012
          61  -2.0458168101831079E-012
          62  -2.0458167984834654E-012
          63  -1.6065751859235095E-009
          64  -1.6083290917054506E-009
          65  -1.8104209937725405E-012
          66  -1.8264022880079128E-012
          67  -1.8104212577027129E-012
          68  -1.6083290273573635E-009
          69  -1.8264024398650384E-012
          70  -1.8104210813610412E-012
          71  -1.8104212581791690E-012
          72  -1.6117288292650489E-009
          73  -1.5259260965510418E-009
          74  -1.4704736697564104E-012
          75  -1.4073239847241757E-012
          76  -1.4704737261105712E-012
          77  -1.5259261066286692E-009
          78  -1.4073239490429128E-012
          79  -1.5613960093942873E-012
          80  -1.5613961077030487E-012
          81  -1.5260340148297478E-009
          82  -1.6517478813607600E-009
          83  -7.7649043785601069E-013
          84  -7.8518029836320774E-013
          85  -7.7649022119424720E-013
          86  -1.6517478439919957E-009
          87  -7.8518043304144636E-013
          88  -8.4089948827799718E-013
          89  -8.4089945812230077E-013
          90  -1.6550999598912853E-009
          91  -1.6517478813607600E-009
          92  -7.7649043785601069E-013
          93  -7.8518029836320774E-013
          94  -7.7649022119424720E-013
          95  -1.6517478439919957E-009
          96  -7.8518043304144636E-013
          97  -8.4089948827799718E-013
          98  -8.4089945812230077E-013
          99  -1.6550999598912853E-009
         100   0.0000000000000000     
         101   0.0000000000000000     
         102   0.0000000000000000     
         103   0.0000000000000000     
         104   0.0000000000000000     
         105   0.0000000000000000     
         106   0.0000000000000000     
         107   0.0000000000000000     
         108   0.0000000000000000     
         109  -1.6517478813607600E-009
         110  -7.7649043785601069E-013
         111  -7.8518029836320774E-013
         112  -7.7649022119424720E-013
         113  -1.6517478439919957E-009
         114  -7.8518043304144636E-013
         115  -8.4089948827799718E-013
         116  -8.4089945812230077E-013
         117  -1.6550999598912853E-009
         118   0.0000000000000000     
         119   0.0000000000000000     
         120   0.0000000000000000     
         121   0.0000000000000000     
         122   0.0000000000000000     
         123   0.0000000000000000     
         124   0.0000000000000000     
         125   0.0000000000000000     
         126   0.0000000000000000     
       1       1    0.2403524391E-01
       1       2    0.1332451025E-01
       1       3   -0.1626684576E-02
       1       4    0.1332451025E-01
       1       5    0.2403524391E-01
       1       6   -0.1626684576E-02
       1       7   -0.6816629658E-02
       1       8   -0.6816629658E-02
       1       9    0.1872120693E-01
       2       1   -0.9443872125E-09
       2       2    0.4960692304E-12
       2       3    0.4651796720E-12
       2       4    0.4960690142E-12
       2       5   -0.9443871974E-09
       2       6    0.4651800003E-12
       2       7    0.4864535181E-12
       2       8    0.4864535542E-12
       2       9   -0.9437124821E-09
       3       1    0.0000000000E+00
       3       2    0.0000000000E+00
       3       3    0.0000000000E+00
       3       4    0.0000000000E+00
       3       5    0.0000000000E+00
       3       6    0.0000000000E+00
       3       7    0.0000000000E+00
       3       8    0.0000000000E+00
       3       9    0.0000000000E+00
       4       1   -0.1493153223E-10
       4       2   -0.1977963752E-13
       4       3   -0.1977963779E-13
       4       4   -0.1977963806E-13
       4       5   -0.1493153232E-10
       4       6   -0.1977963753E-13
       4       7   -0.1977963771E-13
       4       8   -0.1977963770E-13
       4       9   -0.1493153221E-10
       5       1   -0.8408914914E-11
       5       2   -0.2191232604E-14
       5       3   -0.1886699105E-14
       5       4   -0.2191232314E-14
       5       5   -0.8408914801E-11
       5       6   -0.1886698771E-14
       5       7   -0.1886699235E-14
       5       8   -0.1886699000E-14
       5       9   -0.8375005855E-11
       6       1   -0.1690059824E-10
       6       2   -0.6069662486E-14
       6       3   -0.6820990546E-14
       6       4   -0.6069663214E-14
       6       5   -0.1690059794E-10
       6       6   -0.6820989915E-14
       6       7   -0.6069662664E-14
       6       8   -0.6069662191E-14
       6       9   -0.1689501967E-10
       7       1   -0.1562703946E-10
       7       2   -0.1988350653E-13
       7       3   -0.2004819412E-13
       7       4   -0.1988350576E-13
       7       5   -0.1562704025E-10
       7       6   -0.2004819371E-13
       7       7   -0.1988350544E-13
       7       8   -0.1988350533E-13
       7       9   -0.1561447061E-10
       8       1   -0.1551601587E-10
       8       2   -0.1746565489E-13
       8       3   -0.1761983106E-13
       8       4   -0.1746565744E-13
       8       5   -0.1551601525E-10
       8       6   -0.1761983253E-13
       8       7   -0.1746565574E-13
       8       8   -0.1746565744E-13
       8       9   -0.1554881412E-10
       9       1   -0.1461254394E-10
       9       2   -0.1408152149E-13
       9       3   -0.1347678869E-13
       9       4   -0.1408152203E-13
       9       5   -0.1461254404E-10
       9       6   -0.1347678835E-13
       9       7   -0.1495221023E-13
       9       8   -0.1495221118E-13
       9       9   -0.1461357739E-10
      10       1   -0.1610907973E-10
      10       2   -0.7572915038E-14
      10       3   -0.7657665052E-14
      10       4   -0.7572912925E-14
      10       5   -0.1610907936E-10
      10       6   -0.7657666366E-14
      10       7   -0.8201080233E-14
      10       8   -0.8201079938E-14
      10       9   -0.1614177170E-10
      11       1   -0.1610907973E-10
      11       2   -0.7572915038E-14
      11       3   -0.7657665052E-14
      11       4   -0.7572912925E-14
      11       5   -0.1610907936E-10
      11       6   -0.7657666366E-14
      11       7   -0.8201080233E-14
      11       8   -0.8201079938E-14
      11       9   -0.1614177170E-10
      12       1    0.0000000000E+00
      12       2    0.0000000000E+00
      12       3    0.0000000000E+00
      12       4    0.0000000000E+00
      12       5    0.0000000000E+00
      12       6    0.0000000000E+00
      12       7    0.0000000000E+00
      12       8    0.0000000000E+00
      12       9    0.0000000000E+00
      13       1   -0.1610907973E-10
      13       2   -0.7572915038E-14
      13       3   -0.7657665052E-14
      13       4   -0.7572912925E-14
      13       5   -0.1610907936E-10
      13       6   -0.7657666366E-14
      13       7   -0.8201080233E-14
      13       8   -0.8201079938E-14
      13       9   -0.1614177170E-10
      14       1    0.0000000000E+00
      14       2    0.0000000000E+00
      14       3    0.0000000000E+00
      14       4    0.0000000000E+00
      14       5    0.0000000000E+00
      14       6    0.0000000000E+00
      14       7    0.0000000000E+00
      14       8    0.0000000000E+00
      14       9    0.0000000000E+00
