   7.99999982E-02 Reading user input file
   1.17600000     Optimise potential
   1.59200001     Input Potential RSS:   2065.9132067444680     
   1.98399997     Reduced splined potential RSS:   2117.6575381503280     
   2.37599993     Pre-optimise (SA1) potential RSS:    2117.6575381503280     
   2.66400003     Start optimising, max steps:          130
   3.05999994     RSS:            0       32622   1993.7544360647737     
   3.44799995     Start RSS:    2117.6620511687265     
   3.81999993     RSS:            1           1   2117.6620511687265     
   4.21600008     RSS:            2           2   2117.6620511687265     
   4.61600018     RSS:            3           3   2117.6620511687265     
   5.01999998     RSS:            4           4   2117.6620511687265     
   5.40000010     RSS:            5           5   2117.6620511687265     
   5.76800013     RSS:            6           6   2117.6620511687265     
   6.17199993     RSS:            7           7   2117.6620511687265     
   6.55200005     RSS:            7           8   10.867303200689600        10.873875742880406        2117.6620511687265     
   6.93599987     RSS:            8           8   2117.6620511687265     
   7.32000017     RSS:            8           9   8.3845182793046114        8.3893096488665719        2117.6620511687265     
   7.69999981     RSS:            9           9   2117.6620511687265     
   8.08399963     RSS:            9          10   6.6647158965040401        6.6645083755988574        2117.6620511687265     
   8.47999954     RSS:           10          10   2117.6620511687265     
   8.85999966     RSS:           10          11   5.4241597378406752        5.4241762882849001        2117.6620511687265     
   9.24800014     RSS:           11          11   2117.6620511687265     
   9.64000034     RSS:           11          12   4.4568586634240042        4.4534525642564287        2117.6620511687265     
   10.0360003     RSS:           12          12   2117.6620511687265     
   10.4279995     RSS:           12          13   4.4435924325311458        4.4397869396108804        2117.6620511687265     
   10.8160000     RSS:           13          13   2117.6620511687265     
   11.2039995     RSS:           13          14   3.8619028558220441        3.8583782574669208        2117.6620511687265     
   11.5920000     RSS:           14          14   2117.6620511687265     
   11.9879999     RSS:           14          15   2.8926624491224886        2.8951158822407388        2117.6620511687265     
   12.3680000     RSS:           15          15   2117.6620511687265     
   12.7559996     RSS:           15          16   1.9127174798956939        1.9126239095941422        2117.6620511687265     
   13.1560001     RSS:           16          16   2117.6620511687265     
   13.5599995     RSS:           16          17   1.1384915972492076        1.1384828664993050        2117.6620511687265     
   13.9600000     RSS:           17          17   2117.6620511687265     
   14.3479996     RSS:           17          18  0.60893498278278935       0.60893296387833840        2117.6620511687265     
   14.7439995     RSS:           18          18   2117.6620511687265     
   15.1239996     RSS:           18          19  0.27437431859294159       0.27437377367663501        2117.6620511687265     
   15.5080004     RSS:           19          19   2117.6620511687265     
   15.9040003     RSS:           19          20   7.5191703072296279E-002   7.5203368865981626E-002   2117.6620511687265     
   16.2919998     RSS:           20          20   2117.6620511687265     
   16.6840000     RSS:           20          21  -3.3976398369793395E-002  -3.3972781673483193E-002   2117.6620511687265     
   17.0799999     RSS:           21          21   2117.6620511687265     
   17.4680004     RSS:           21          22  -8.6353273637664277E-002  -8.6359400148583745E-002   2117.6620511687265     
   17.8640003     RSS:           22          22   2117.6620511687265     
   18.2679996     RSS:           22          23 -0.10596129235888056      -0.10605671698901174        2117.6620511687265     
   18.6599998     RSS:           23          23   2117.6620511687265     
   19.0399990     RSS:           23          24 -0.10921678781793862      -0.10914140323923538        2117.6620511687265     
   19.4360008     RSS:           24          24   2117.6620511687265     
   19.8279991     RSS:           24          25 -0.10598004852621268      -0.10588980359102210        2117.6620511687265     
   20.2399998     RSS:           25          25   2117.6620511687265     
   20.6280003     RSS:           25          26 -0.10090518597111951      -0.10090380878834924        2117.6620511687265     
   21.0240002     RSS:           26          26   2117.6620511687265     
   21.4039993     RSS:           26          27  -9.5452136239257523E-002  -9.5428198875764245E-002   2117.6620511687265     
   21.7800007     RSS:           27          27   2117.6620511687265     
   22.1760006     RSS:           27          28  -9.0052037468661250E-002  -9.0088373702738048E-002   2117.6620511687265     
   22.5639992     RSS:           28          28   2117.6620511687265     
   22.9559994     RSS:           28          29  -8.5340911838601194E-002  -8.5345633049191877E-002   2117.6620511687265     
   23.3519993     RSS:           29          29   2117.6620511687265     
   23.7439995     RSS:           29          30  -8.1745710468470859E-002  -8.1826473706733668E-002   2117.6620511687265     
   24.1399994     RSS:           30          30   2117.6620511687265     
   24.5279999     RSS:           30          31  -7.8694550262631502E-002  -7.8749412127445573E-002   2117.6620511687265     
   24.9200001     RSS:           31          31   2117.6620511687265     
   25.3120003     RSS:           31          32  -7.4577363597977189E-002  -7.4634861692203097E-002   2117.6620511687265     
   25.7080002     RSS:           32          32   2117.6620511687265     
   26.1040001     RSS:           32          33  -6.7812573637526324E-002  -6.7812457574818477E-002   2117.6620511687265     
   26.5119991     RSS:           33          33   2117.6620511687265     
   26.9039993     RSS:           33          34  -5.8048356818875470E-002  -5.8071106678566756E-002   2117.6620511687265     
   27.3040009     RSS:           34          34   2117.6620511687265     
   27.7159996     RSS:           34          35  -4.6409181655253248E-002  -4.6405835985237884E-002   2117.6620511687265     
   28.1079998     RSS:           35          35   2117.6620511687265     
   28.4759998     RSS:           35          36  -3.4583740863707531E-002  -3.4593812772075627E-002   2117.6620511687265     
   28.8640003     RSS:           36          36   2117.6620511687265     
   29.2520008     RSS:           36          37  -2.3806340233865127E-002  -2.3827896455396753E-002   2117.6620511687265     
   29.6639996     RSS:           37          37   2117.6620511687265     
   30.0799999     RSS:           37          38  -1.4541427095620726E-002  -1.4541469647746812E-002   2117.6620511687265     
   30.4799995     RSS:           38          38   2117.6620511687265     
   30.8840008     RSS:           38          39  -6.8756430046103848E-003  -6.8713503636622609E-003   2117.6620511687265     
   31.3040009     RSS:           39          39   2117.6620511687265     
   31.7000008     RSS:           39          40  -9.4535324502428354E-004  -9.4535470467099465E-004   2117.6620511687265     
   32.1240005     RSS:           40          40   2117.6620511687265     
   32.5480003     RSS:           40          41   3.0087328298359335E-003   3.0087286652652960E-003   2117.6620511687265     
   32.9560013     RSS:           41          41   2117.6620511687265     
   33.3840027     RSS:           41          42   4.8984352949776877E-003   4.8973260125322058E-003   2117.6620511687265     
   33.8120003     RSS:           42          42   2117.6620511687265     
   34.2240028     RSS:           42          43   5.0189866805010769E-003   5.0200578858546705E-003   2117.6620511687265     
   34.6560020     RSS:           43          43   2117.6620511687265     
   35.0880013     RSS:           43          44   3.9978534844419969E-003   3.9978442296757415E-003   2117.6620511687265     
   35.5120010     RSS:           44          44   2117.6620511687265     
   35.9320030     RSS:           44          45   2.5478224576361264E-003   2.5475211348191130E-003   2117.6620511687265     
   36.3440018     RSS:           45          45   2117.6620511687265     
   36.7520027     RSS:           45          46   1.2368792103881138E-003   1.2371248323526981E-003   2117.6620511687265     
   37.1640015     RSS:           46          46   2117.6620511687265     
   37.5480003     RSS:           46          47   3.8501933295504348E-004   3.8522822371056558E-004   2117.6620511687265     
   37.9520035     RSS:           47          47   2117.6620511687265     
   38.3560028     RSS:           47          48   3.6310000742719515E-005   3.6289203652248125E-005   2117.6620511687265     
   38.7480011     RSS:           48          48   2117.6620511687265     
   39.1360016     RSS:           48          49  -9.9012758339739789E-006  -9.9053090035375885E-006   2117.6620511687265     
   39.5280037     RSS:           49          49   2117.6620511687265     
   39.9280014     RSS:           49          50  -4.9295571398884569E-010  -4.9343030987540846E-010   2117.6620511687265     
   40.3120003     RSS:           50          50   2117.6620511687265     
   40.6960030     RSS:           51          51   2117.6620511687265     
   41.1040001     RSS:           52          52   2117.6620511687265     
   41.4920006     RSS:           53          53   2117.6620511687265     
   41.8880005     RSS:           54          54   2117.6620511687265     
   42.2880020     RSS:           55          55   2117.6620511687265     
   42.6800003     RSS:           56          56   2117.6620511687265     
   43.0680008     RSS:           57          57   2117.6620511687265     
   43.4720001     RSS:           58          58   2117.6620511687265     
   43.8720016     RSS:           58          59   1.1023999090546284        1.1022002246419580        2117.6620511687265     
   44.2680016     RSS:           59          59   2117.6620511687265     
   44.6520004     RSS:           59          60   1.1457884360534085        1.1457505068969520        2117.6620511687265     
   45.0480003     RSS:           60          60   2117.6620511687265     
   45.4480019     RSS:           60          61   1.1999973925156291        1.2001387242143204        2117.6620511687265     
   45.8440018     RSS:           61          61   2117.6620511687265     
   46.2280006     RSS:           61          62   1.2661122398640228        1.2652370323123261        2117.6620511687265     
   46.6120033     RSS:           62          62   2117.6620511687265     
   47.0040016     RSS:           62          63  0.39535020052453362       0.39508781821584266        2117.6620511687265     
   47.3880005     RSS:           63          63   2117.6620511687265     
   47.7760010     RSS:           63          64  0.11930260244072911       0.11930249190567911        2117.6620511687265     
   48.1520004     RSS:           64          64   2117.6620511687265     
   48.5360031     RSS:           64          65   4.5874780956620858E-003   4.5829084090613318E-003   2117.6620511687265     
   48.9200020     RSS:           65          65   2117.6620511687265     
   49.3080025     RSS:           65          66  -1.6296110560381313E-002  -1.6297543983116440E-002   2117.6620511687265     
   49.6920013     RSS:           66          66   2117.6620511687265     
   50.0760002     RSS:           66          67   2.4218565246530216E-003   2.4204100442243503E-003   2117.6620511687265     
   50.4680023     RSS:           67          67   2117.6620511687265     
   50.8560028     RSS:           67          68   2.7528179769179963E-002   2.7528213980658370E-002   2117.6620511687265     
   51.2640038     RSS:           68          68   2117.6620511687265     
   51.6520004     RSS:           68          69   4.3367578048914446E-002   4.3351804316723391E-002   2117.6620511687265     
   52.0320015     RSS:           69          69   2117.6620511687265     
   52.4160004     RSS:           69          70   4.7252029645940948E-002   4.7288936868549396E-002   2117.6620511687265     
   52.8240013     RSS:           70          70   2117.6620511687265     
   53.2000008     RSS:           70          71   4.3737672599524761E-002   4.3737233624984558E-002   2117.6620511687265     
   53.5720024     RSS:           71          71   2117.6620511687265     
   53.9600029     RSS:           71          72   3.8426547865709162E-002   3.8426323020635152E-002   2117.6620511687265     
   54.3440018     RSS:           72          72   2117.6620511687265     
   54.7320023     RSS:           72          73   3.3632668980490381E-002   3.3623432822294651E-002   2117.6620511687265     
   55.1200027     RSS:           73          73   2117.6620511687265     
   55.5000000     RSS:           73          74   2.8918817564852047E-002   2.8918614169512618E-002   2117.6620511687265     
   55.8800011     RSS:           74          74   2117.6620511687265     
   56.2720032     RSS:           74          75   2.3523019724565049E-002   2.3544164338610798E-002   2117.6620511687265     
   56.6520004     RSS:           75          75   2117.6620511687265     
   57.0400009     RSS:           75          76   1.7895140949899243E-002   1.7877858666667794E-002   2117.6620511687265     
   57.4240036     RSS:           76          76   2117.6620511687265     
   57.8200035     RSS:           76          77   1.3187178396000997E-002   1.3196680607571808E-002   2117.6620511687265     
   58.2040024     RSS:           77          77   2117.6620511687265     
   58.6000023     RSS:           77          78   1.0112726697256212E-002   1.0112650521296907E-002   2117.6620511687265     
   59.0000038     RSS:           78          78   2117.6620511687265     
   59.3800011     RSS:           78          79   8.3935107514213105E-003   8.3968188039069084E-003   2117.6620511687265     
   59.7680016     RSS:           79          79   2117.6620511687265     
   60.1760025     RSS:           79          80   7.2680310811245709E-003   7.2680500916917573E-003   2117.6620511687265     
   60.5880013     RSS:           80          80   2117.6620511687265     
   60.9880028     RSS:           80          81   6.2454533994431268E-003   6.2516047882125031E-003   2117.6620511687265     
   61.4040031     RSS:           81          81   2117.6620511687265     
   61.8040009     RSS:           81          82   5.4077787333016410E-003   5.4078536481873222E-003   2117.6620511687265     
   62.2120018     RSS:           82          82   2117.6620511687265     
   62.6120033     RSS:           82          83   5.0457419208433290E-003   5.0474052839214268E-003   2117.6620511687265     
   63.0280037     RSS:           83          83   2117.6620511687265     
   63.4520035     RSS:           83          84   5.1884242053365634E-003   5.1882972451392064E-003   2117.6620511687265     
   63.8720016     RSS:           84          84   2117.6620511687265     
   64.3040009     RSS:           84          85   5.4837917102781315E-003   5.4855521729424619E-003   2117.6620511687265     
   64.7279968     RSS:           85          85   2117.6620511687265     
   65.1439972     RSS:           85          86   5.5056296671162483E-003   5.5056236142710961E-003   2117.6620511687265     
   65.5479965     RSS:           86          86   2117.6620511687265     
   65.9879990     RSS:           86          87   5.0968713940042652E-003   5.0969292035892115E-003   2117.6620511687265     
   66.4079971     RSS:           87          87   2117.6620511687265     
   66.8399963     RSS:           87          88   4.4326625807493223E-003   4.4333759933024445E-003   2117.6620511687265     
   67.2480011     RSS:           88          88   2117.6620511687265     
   67.6759949     RSS:           88          89   3.8015251979998371E-003   3.7977321608462836E-003   2117.6620511687265     
   68.0960007     RSS:           89          89   2117.6620511687265     
   68.5079956     RSS:           89          90   3.3750476809908964E-003   3.3748336180081744E-003   2117.6620511687265     
   68.9359970     RSS:           90          90   2117.6620511687265     
   69.3600006     RSS:           90          91   3.1418080683683633E-003   3.1418778397989482E-003   2117.6620511687265     
   69.7879944     RSS:           91          91   2117.6620511687265     
   70.2119980     RSS:           91          92   2.9785299301817547E-003   2.9773238201434675E-003   2117.6620511687265     
   70.6479950     RSS:           92          92   2117.6620511687265     
   71.0759964     RSS:           92          93   2.7338929940420378E-003   2.7313081722290908E-003   2117.6620511687265     
   71.5000000     RSS:           93          93   2117.6620511687265     
   71.9399948     RSS:           93          94   2.2993138200739149E-003   2.2996332198312987E-003   2117.6620511687265     
   72.3639984     RSS:           94          94   2117.6620511687265     
   72.8159943     RSS:           94          95   1.6701029996793763E-003   1.6701073974352322E-003   2117.6620511687265     
   73.2480011     RSS:           95          95   2117.6620511687265     
   73.6800003     RSS:           95          96   9.7761045214880306E-004   9.7760921965068712E-004   2117.6620511687265     
   74.1080017     RSS:           96          96   2117.6620511687265     
   74.5559998     RSS:           96          97   4.1521151955784723E-004   4.1506528146471086E-004   2117.6620511687265     
   74.9919968     RSS:           97          97   2117.6620511687265     
   75.4280014     RSS:           97          98   1.0453206057729610E-004   1.0446867493640858E-004   2117.6620511687265     
   75.8720016     RSS:           98          98   2117.6620511687265     
   76.3079987     RSS:           98          99   8.2800861199434523E-006   8.2734966749557412E-006   2117.6620511687265     
   76.7439957     RSS:           99          99   2117.6620511687265     
   77.1679993     RSS:           99         100  -3.3195843547140311E-010  -3.3196669587814456E-010   2117.6620511687265     
   77.6159973     RSS:          100         100   2117.6620511687265     
   78.0559998     RSS:          101         101   2117.6620511687265     
   78.4879990     RSS:          102         102   2117.6620511687265     
   78.9399948     RSS:          102         103  -1.0357291944181743       -1.0357481314772241        2117.6620511687265     
   79.3720016     RSS:          103         103   2117.6620511687265     
   79.8320007     RSS:          103         104  -1.4471542472764853       -1.4472904174963717        2117.6620511687265     
   80.2799988     RSS:          104         104   2117.6620511687265     
   80.7319946     RSS:          104         105  -1.7247872247722871       -1.7261906793591308        2117.6620511687265     
   81.1800003     RSS:          105         105   2117.6620511687265     
   81.6199951     RSS:          105         106  -1.9044071493868826       -1.9056599726096943        2117.6620511687265     
   82.0800018     RSS:          106         106   2117.6620511687265     
   82.5279999     RSS:          106         107  -2.0203454709153479       -2.0189965833753138        2117.6620511687265     
   82.9919968     RSS:          107         107   2117.6620511687265     
   83.4319992     RSS:          107         108  -2.1003672745083586       -2.0985769605710156        2117.6620511687265     
   83.8919983     RSS:          108         108   2117.6620511687265     
   84.3399963     RSS:          108         109  -2.1628136599743875       -2.1628886108581624        2117.6620511687265     
   84.7959976     RSS:          109         109   2117.6620511687265     
   85.2439957     RSS:          109         110  -2.2176679593054116       -2.2176731788074937        2117.6620511687265     
   85.7080002     RSS:          110         110   2117.6620511687265     
   86.1599960     RSS:          110         111  -2.2686678909479121       -2.2695024816492686        2117.6620511687265     
   86.6240005     RSS:          111         111   2117.6620511687265     
   87.0759964     RSS:          111         112  -2.3154370401394782       -2.3154319109664367        2117.6620511687265     
   87.5319977     RSS:          112         112   2117.6620511687265     
   88.0000000     RSS:          112         113  -2.3556164354231304       -2.3570046571137402        2117.6620511687265     
   88.4639969     RSS:          113         113   2117.6620511687265     
   88.9359970     RSS:          113         114  -2.3868893027692528       -2.3869323007506469        2117.6620511687265     
   89.4039993     RSS:          114         114   2117.6620511687265     
   89.8679962     RSS:          114         115  -2.4080504213383280       -2.4080383685673064        2117.6620511687265     
   90.3279953     RSS:          115         115   2117.6620511687265     
   90.7999954     RSS:          115         116  -2.4189283698607134       -2.4187808081176403        2117.6620511687265     
   91.2679977     RSS:          116         116   2117.6620511687265     
   91.7319946     RSS:          116         117  -2.4201062085450613       -2.4204916409197863        2117.6620511687265     
   92.2080002     RSS:          117         117   2117.6620511687265     
   92.6920013     RSS:          117         118  -2.4126406689365183       -2.4126469240756916        2117.6620511687265     
   93.1839981     RSS:          118         118   2117.6620511687265     
   93.6479950     RSS:          118         119  -2.3977814347000388       -2.3981188132388613        2117.6620511687265     
   94.1240005     RSS:          119         119   2117.6620511687265     
   94.5919952     RSS:          119         120  -2.3766967274922766       -2.3766913277209860        2117.6620511687265     
   95.0800018     RSS:          120         120   2117.6620511687265     
   95.5439987     RSS:          120         121  -2.3502360656643675       -2.3504786057826998        2117.6620511687265     
   96.0239944     RSS:          121         121   2117.6620511687265     
   96.4799957     RSS:          121         122  -2.3187238585423469       -2.3194322824768276        2117.6620511687265     
   96.9679947     RSS:          122         122   2117.6620511687265     
   97.4280014     RSS:          122         123  -2.2817562928781618       -2.2817536655297368        2117.6620511687265     
   97.9079971     RSS:          123         123   2117.6620511687265     
   98.3799973     RSS:          123         124  -2.2379983506705363       -2.2382067052903234        2117.6620511687265     
   98.8679962     RSS:          124         124   2117.6620511687265     
   99.3440018     RSS:          124         125  -2.1849831246069167       -2.1830721049473212        2117.6620511687265     
   99.8359985     RSS:          125         125   2117.6620511687265     
   100.311996     RSS:          125         126  -2.1190351104872791       -2.1202590635615612        2117.6620511687265     
   100.795998     RSS:          126         126   2117.6620511687265     
   101.271996     RSS:          126         127  -2.0356588334107646       -2.0365770170498765        2117.6620511687265     
   101.755997     RSS:          127         127   2117.6620511687265     
   102.231995     RSS:          127         128  -1.9301957640437974       -1.9301016254314374        2117.6620511687265     
   102.715996     RSS:          128         128   2117.6620511687265     
   103.187996     RSS:          128         129  -1.7984986931904039       -1.7985038149067876        2117.6620511687265     
   103.659996     RSS:          129         129   2117.6620511687265     
   104.136002     RSS:          129         130  -1.6376073128776447       -1.6376105447355240        2117.6620511687265     
   104.624001     RSS:          130         130   2117.6620511687265     
 Optimum RSS:    1983.6731196615337     
