 Reading user input file /home/ben/work/eampa/eampa2/temp/tmpJCfyl.temp.in
 PWscf Batch Files PdPwb.conf
  -1.0100000000000000                0           0           0           0           0
  -1.0000000000000000                0           8        2415       15275       31908
 -0.98999999999999999                0           8        2681       15763       32571
 -0.97999999999999998                0          10        2769       16323       33607
 -0.96999999999999997                0          13        2894       16899       34657
 -0.95999999999999996                0          11        3135       17740       35103
 -0.94999999999999996                0          11        3385       18384       36169
 -0.93999999999999995                0          15        3714       19247       37078
 -0.93000000000000005                0          14        4215       20467       38620
 -0.92000000000000004                0          22        5015       22170       40050
 -0.91000000000000003                0          27        6027       23643       41170
 -0.90000000000000002                0          70        5471       23323       41474
 -0.89000000000000001                0          43        5845       24668       42570
 -0.88000000000000000                0          47        6463       25743       43638
 -0.87000000000000000                0          61        7727       27664       45010
 -0.85999999999999999                0          99        9065       29316       46737
 -0.84999999999999998                0         197        8307       29141       46702
 -0.83999999999999997                0         111        9142       30237       47428
 -0.82999999999999996                0         145       10202       31883       48797
 -0.81999999999999995                0         168       11499       33419       49826
 -0.81000000000000005                0         325       13566       35858       51214
 -0.80000000000000004                0         437       12497       35586       51688
 -0.79000000000000004                0         294       13536       37062       52854
 -0.78000000000000003                0         357       15199       38809       53207
 -0.77000000000000002                0         441       16550       40402       54732
 -0.76000000000000001                0        1049       19395       42655       56383
 -0.75000000000000000                0         932       18310       42089       56215
 -0.73999999999999999                0         767       19360       44082       57598
 -0.72999999999999998                0         878       21176       45385       59056
 -0.71999999999999997                0        1203       23588       47371       59806
 -0.70999999999999996                0        2915       26891       49600       60811
 -0.69999999999999996                0        1629       25231       49683       60938
 -0.68999999999999995                0        1876       27190       51325       61801
 -0.68000000000000005                0        2136       29535       52513       62686
 -0.67000000000000004                0        2879       31954       54847       63183
 -0.66000000000000003                0        5906       35800       57053       64341
 -0.65000000000000002                0        3683       34590       56840       64837
 -0.64000000000000001                0        4115       36554       58455       64873
 -0.63000000000000000                0        4931       39286       59821       66494
 -0.62000000000000000                0        6253       42666       62054       66696
 -0.60999999999999999                0       10926       46466       63886       67835
 -0.59999999999999998                0        7676       44982       63803       67611
 -0.58999999999999997                0        8422       48148       65202       68053
 -0.57999999999999996                0        9874       50726       66521       68513
 -0.56999999999999995                0       12474       54135       68654       69630
 -0.56000000000000005                0       20336       58499       70303       69514
 -0.55000000000000004                0       14439       56878       69874       69090
 -0.54000000000000004                0       16221       60226       71237       69526
 -0.53000000000000003                2       18906       63102       72319       69875
 -0.52000000000000002                0       22836       66680       73517       70296
 -0.51000000000000001                0       33111       70502       74812       70665
 -0.50000000000000000                3       26169       69531       74485       69899
 -0.48999999999999999                2       28956       72530       75555       69593
 -0.47999999999999998                6       32969       74937       76655       70157
 -0.46999999999999997                3       39193       78501       77775       70158
 -0.46000000000000002                2       51052       82354       78367       69688
 -0.45000000000000001               63       42978       81558       77239       69234
 -0.44000000000000000               42       47497       83960       78763       69005
 -0.42999999999999999               63       52855       86454       78898       68577
 -0.41999999999999998               45       60872       89491       79319       67977
 -0.40999999999999998               54       74810       92903       80033       67934
 -0.40000000000000002              456       66206       91513       78760       66148
 -0.39000000000000001              539       71530       93418       78948       66117
 -0.38000000000000000              580       78366       95813       78635       65436
 -0.37000000000000000              685       87483       97402       78897       65059
 -0.35999999999999999              765      100770       99217       78789       64092
 -0.34999999999999998             3667       93523       99042       76724       62731
 -0.34000000000000002             3758       99356       99169       77004       62165
 -0.33000000000000002             4778      106357      100877       76380       60976
 -0.32000000000000001             5788      115534      101400       75747       60111
 -0.31000000000000000             3865      126782      102358       75409       59468
 -0.29999999999999999            20929      120773      100917       72916       56897
 -0.28999999999999998            32804      125922      100318       72053       56041
 -0.28000000000000003            13862      132139      100888       70705       54514
 -0.27000000000000002            17033      140011      100325       69786       53618
 -0.26000000000000001            23346      147000      100247       69227       52540
 -0.25000000000000000           127799      141393       95967       65205       49369
 -0.23999999999999999            47225      144863       95503       63735       48170
 -0.23000000000000001            55196      148405       94482       62484       47121
 -0.22000000000000000            71313      152600       93237       61381       45503
 -0.20999999999999999           131928      156518       92219       60024       44730
 -0.20000000000000001           224423      148146       85988       55023       40984
 -0.19000000000000000           131056      148135       84208       53257       38976
 -0.17999999999999999           154067      148866       81933       51567       38071
 -0.17000000000000001           197777      147692       79761       50515       36266
 -0.16000000000000000           348455      148391       78228       48998       35248
 -0.14999999999999999           226188      134762       68577       42269       31211
 -0.14000000000000001           246103      130876       65712       40519       28853
 -0.13000000000000000           270636      127073       63369       38506       27743
 -0.12000000000000000           305611      124970       61257       36802       26682
 -0.11000000000000000           359722      121344       59030       35806       25706
 -0.10000000000000001           278451       96723       45184       27052       19377
  -8.9999999999999997E-002      277550       91044       42067       25340       18020
  -8.0000000000000002E-002      275433       86026       39779       23824       16839
  -7.0000000000000007E-002      274551       82121       37977       22428       15775
  -5.9999999999999998E-002      273147       78295       36627       21459       15416
  -5.0000000000000003E-002      135178       35248       15834        9474        6624
  -4.0000000000000001E-002      124682       32632       14676        8655        6119
  -2.9999999999999999E-002      116154       30473       13723        8076        5691
  -2.0000000000000000E-002      108443       28628       12860        7569        5519
  -1.0000000000000000E-002      102733       27067       12021        7195        5062
   0.0000000000000000           102486       27218       12016        7188        5088
   1.0000000000000000E-002      108767       28610       12772        7646        5488
   2.0000000000000000E-002      115387       30328       13527        8133        5617
   2.9999999999999999E-002      124400       32395       14663        8671        6187
   4.0000000000000001E-002      135335       35115       15865        9371        6586
   5.0000000000000003E-002      274645       78215       36159       21479       15157
   5.9999999999999998E-002      275812       82200       37889       22595       16034
   7.0000000000000007E-002      276640       85785       40158       23721       17129
   8.0000000000000002E-002      276596       90665       42443       25152       17977
   8.9999999999999997E-002      278153       96530       45733       27322       19161
  0.10000000000000001           360270      121757       59115       35644       25405
  0.11000000000000000           305956      124133       61238       37343       26816
  0.12000000000000000           271136      126898       63291       38890       27669
  0.13000000000000000           246035      131024       65800       40486       29503
  0.14000000000000001           227025      134951       68831       42633       30760
  0.14999999999999999           348999      147551       78588       48655       35736
  0.16000000000000000           197470      148601       80212       49783       36486
  0.17000000000000001           153925      148537       82291       51924       37852
  0.17999999999999999           131055      148283       83814       53585       39057
  0.19000000000000000           224977      147778       86233       55378       40899
  0.20000000000000001           132232      155687       92633       59649       44402
  0.20999999999999999            71493      151791       93325       61280       45960
  0.22000000000000000            55642      148658       94235       62750       47129
  0.23000000000000001            47384      145428       95463       63982       48517
  0.23999999999999999           127594      141458       96940       65887       49458
  0.25000000000000000            23491      147983      100567       68770       52556
  0.26000000000000001            17095      139655      100200       69578       53670
  0.27000000000000002            14016      131810      100799       70913       54603
  0.28000000000000003            32689      126182      100866       71935       55719
  0.28999999999999998            21045      120900      100533       72632       56572
  0.29999999999999999             3734      127205      102495       75252       59057
  0.31000000000000000             5694      115515      101592       75683       59947
  0.32000000000000001             4899      106622       99981       76131       60963
  0.33000000000000002             3842       99178       99377       76504       61738
  0.34000000000000002             3863       93987       98329       77590       62461
  0.34999999999999998              727      101427       99482       78770       64436
  0.35999999999999999              660       87319       97382       79022       64562
  0.37000000000000000              558       78380       95980       78735       65501
  0.38000000000000000              524       71317       93598       79061       66315
  0.39000000000000001              432       66387       91739       78724       66602
  0.40000000000000002               81       74626       92835       79727       67783
  0.40999999999999998               68       60517       89770       79089       68236
  0.41999999999999998               61       52723       86508       78267       68558
  0.42999999999999999               64       47624       84461       78638       69282
  0.44000000000000000               59       43058       81343       77611       68971
  0.45000000000000001                3       51308       82901       78736       69863
  0.46000000000000002                5       38928       78306       77587       70183
  0.46999999999999997                5       32631       75050       76225       69301
  0.47999999999999998                0       28759       72545       76358       69781
  0.48999999999999999                7       26018       69766       74698       69925
  0.50000000000000000                2       32937       70740       75360       70583
  0.51000000000000001                0       23058       65980       73349       70084
  0.52000000000000002                1       18815       63104       73077       69657
  0.53000000000000003                0       16247       59701       71062       69538
  0.54000000000000004                0       14547       56814       70364       68986
  0.55000000000000004                0       19640       58479       69810       69488
  0.56000000000000005                0       12602       54038       68454       69226
  0.56999999999999995                0       10050       50562       66593       68746
  0.57999999999999996                0        8538       47357       65233       68197
  0.58999999999999997                0        7593       45464       64117       67741
  0.59999999999999998                0       11104       46335       63930       67624
  0.60999999999999999                0        6327       42743       61820       66894
  0.62000000000000000                0        4966       38964       59810       66325
  0.63000000000000000                0        4058       36756       58864       65352
  0.64000000000000001                0        3685       34297       57348       65410
  0.65000000000000002                0        5820       35959       57389       64642
  0.66000000000000003                0        2857       32271       54805       63371
  0.67000000000000004                0        2239       29271       53183       62886
  0.68000000000000005                0        1920       27240       51512       62322
  0.68999999999999995                0        1659       25624       50147       61049
  0.69999999999999996                0        2855       27058       49936       60624
  0.70999999999999996                0        1209       23540       47667       59132
  0.71999999999999997                0         936       21409       45628       58134
  0.72999999999999998                0         815       19396       43813       57617
  0.73999999999999999                0         969       18122       42356       56748
  0.75000000000000000                0        1055       19361       42491       56648
  0.76000000000000001                0         510       16676       39993       54782
  0.77000000000000002                0         367       14944       38762       53481
  0.78000000000000003                0         294       13514       36901       52210
  0.79000000000000004                0         496       12378       34936       51459
  0.80000000000000004                0         310       13650       36205       51324
  0.81000000000000005                0         193       11418       33712       50077
  0.81999999999999995                0         155       10113       32251       48781
  0.82999999999999996                0         108        9052       30314       47488
  0.83999999999999997                0         239        8274       29198       46342
  0.84999999999999998                0         104        9514       29740       46190
  0.85999999999999999                0          56        7663       27394       44878
  0.87000000000000000                0          42        6686       26247       44062
  0.88000000000000000                0          53        5852       24390       42622
  0.89000000000000001                0          77        5385       23272       41276
  0.90000000000000002                0          34        6026       23976       41002
  0.91000000000000003                0          19        4668       21954       39720
  0.92000000000000004                0          11        4180       20767       38564
  0.93000000000000005                0          13        3680       19325       37468
  0.93999999999999995                0          15        3450       18402       35941
  0.94999999999999996                0          12        3141       17645       35443
  0.95999999999999996                0          11        2940       16836       34238
  0.96999999999999997                0           8        2809       16322       33950
  0.97999999999999998                0           8        2777       15560       32666
  0.98999999999999999                0           8        2455       15242       32008
   1.0000000000000000                0           0           0           0           0
   1.0100000000000000                0           0           0           0           0
