1            0.0000000   0.0000000   0.0000000
1            0.0416667   0.0833333   0.0625000
1            0.0000000   0.0000000   0.1250000
1            0.0416667   0.0833333   0.1875000
1            0.0000000   0.0000000   0.2500000
1            0.0416667   0.0833333   0.3125000
1            0.0000000   0.0000000   0.3750000
1            0.0416667   0.0833333   0.4375000
1            0.0000000   0.0000000   0.5000000
1            0.0416667   0.0833333   0.5625000
1            0.0000000   0.0000000   0.6250000
1            0.0416667   0.0833333   0.6875000
1            0.0000000   0.0000000   0.7500000
1            0.0416667   0.0833333   0.8125000
1            0.0000000   0.0000000   0.8750000
1            0.0416667   0.0833333   0.9375000
1            0.0000000   0.1250000   0.0000000
1            0.0416667   0.2083333   0.0625000
1            0.0000000   0.1250000   0.1250000
1            0.0416667   0.2083333   0.1875000
1            0.0000000   0.1250000   0.2500000
1            0.0416667   0.2083333   0.3125000
1            0.0000000   0.1250000   0.3750000
1            0.0416667   0.2083333   0.4375000
1            0.0000000   0.1250000   0.5000000
1            0.0416667   0.2083333   0.5625000
1            0.0000000   0.1250000   0.6250000
1            0.0416667   0.2083333   0.6875000
1            0.0000000   0.1250000   0.7500000
1            0.0416667   0.2083333   0.8125000
1            0.0000000   0.1250000   0.8750000
1            0.0416667   0.2083333   0.9375000
1            0.0000000   0.2500000   0.0000000
1            0.0416667   0.3333333   0.0625000
1            0.0000000   0.2500000   0.1250000
1            0.0416667   0.3333333   0.1875000
1            0.0000000   0.2500000   0.2500000
1            0.0416667   0.3333333   0.3125000
1            0.0000000   0.2500000   0.3750000
1            0.0416667   0.3333333   0.4375000
1            0.0000000   0.2500000   0.5000000
1            0.0416667   0.3333333   0.5625000
1            0.0000000   0.2500000   0.6250000
1            0.0416667   0.3333333   0.6875000
1            0.0000000   0.2500000   0.7500000
1            0.0416667   0.3333333   0.8125000
1            0.0000000   0.2500000   0.8750000
1            0.0416667   0.3333333   0.9375000
1            0.0000000   0.3750000   0.0000000
1            0.0416667   0.4583333   0.0625000
1            0.0000000   0.3750000   0.1250000
1            0.0416667   0.4583333   0.1875000
1            0.0000000   0.3750000   0.2500000
1            0.0416667   0.4583333   0.3125000
1            0.0000000   0.3750000   0.3750000
1            0.0416667   0.4583333   0.4375000
1            0.0000000   0.3750000   0.5000000
1            0.0416667   0.4583333   0.5625000
1            0.0000000   0.3750000   0.6250000
1            0.0416667   0.4583333   0.6875000
1            0.0000000   0.3750000   0.7500000
1            0.0416667   0.4583333   0.8125000
1            0.0000000   0.3750000   0.8750000
1            0.0416667   0.4583333   0.9375000
1            0.0000000   0.5000000   0.0000000
1            0.0416667   0.5833333   0.0625000
1            0.0000000   0.5000000   0.1250000
1            0.0416667   0.5833333   0.1875000
1            0.0000000   0.5000000   0.2500000
1            0.0416667   0.5833333   0.3125000
1            0.0000000   0.5000000   0.3750000
1            0.0416667   0.5833333   0.4375000
1            0.0000000   0.5000000   0.5000000
1            0.0416667   0.5833333   0.5625000
1            0.0000000   0.5000000   0.6250000
1            0.0416667   0.5833333   0.6875000
1            0.0000000   0.5000000   0.7500000
1            0.0416667   0.5833333   0.8125000
1            0.0000000   0.5000000   0.8750000
1            0.0416667   0.5833333   0.9375000
1            0.0000000   0.6250000   0.0000000
1            0.0416667   0.7083333   0.0625000
1            0.0000000   0.6250000   0.1250000
1            0.0416667   0.7083333   0.1875000
1            0.0000000   0.6250000   0.2500000
1            0.0416667   0.7083333   0.3125000
1            0.0000000   0.6250000   0.3750000
1            0.0416667   0.7083333   0.4375000
1            0.0000000   0.6250000   0.5000000
1            0.0416667   0.7083333   0.5625000
1            0.0000000   0.6250000   0.6250000
1            0.0416667   0.7083333   0.6875000
1            0.0000000   0.6250000   0.7500000
1            0.0416667   0.7083333   0.8125000
1            0.0000000   0.6250000   0.8750000
1            0.0416667   0.7083333   0.9375000
1            0.0000000   0.7500000   0.0000000
1            0.0416667   0.8333333   0.0625000
1            0.0000000   0.7500000   0.1250000
1            0.0416667   0.8333333   0.1875000
1            0.0000000   0.7500000   0.2500000
1            0.0416667   0.8333333   0.3125000
1            0.0000000   0.7500000   0.3750000
1            0.0416667   0.8333333   0.4375000
1            0.0000000   0.7500000   0.5000000
1            0.0416667   0.8333333   0.5625000
1            0.0000000   0.7500000   0.6250000
1            0.0416667   0.8333333   0.6875000
1            0.0000000   0.7500000   0.7500000
1            0.0416667   0.8333333   0.8125000
1            0.0000000   0.7500000   0.8750000
1            0.0416667   0.8333333   0.9375000
1            0.0000000   0.8750000   0.0000000
1            0.0416667   0.9583333   0.0625000
1            0.0000000   0.8750000   0.1250000
1            0.0416667   0.9583333   0.1875000
1            0.0000000   0.8750000   0.2500000
1            0.0416667   0.9583333   0.3125000
1            0.0000000   0.8750000   0.3750000
1            0.0416667   0.9583333   0.4375000
1            0.0000000   0.8750000   0.5000000
1            0.0416667   0.9583333   0.5625000
1            0.0000000   0.8750000   0.6250000
1            0.0416667   0.9583333   0.6875000
1            0.0000000   0.8750000   0.7500000
1            0.0416667   0.9583333   0.8125000
1            0.0000000   0.8750000   0.8750000
1            0.0416667   0.9583333   0.9375000
1            0.1250000   0.0000000   0.0000000
1            0.1666667   0.0833333   0.0625000
1            0.1250000   0.0000000   0.1250000
1            0.1666667   0.0833333   0.1875000
1            0.1250000   0.0000000   0.2500000
1            0.1666667   0.0833333   0.3125000
1            0.1250000   0.0000000   0.3750000
1            0.1666667   0.0833333   0.4375000
1            0.1250000   0.0000000   0.5000000
1            0.1666667   0.0833333   0.5625000
1            0.1250000   0.0000000   0.6250000
1            0.1666667   0.0833333   0.6875000
1            0.1250000   0.0000000   0.7500000
1            0.1666667   0.0833333   0.8125000
1            0.1250000   0.0000000   0.8750000
1            0.1666667   0.0833333   0.9375000
1            0.1250000   0.1250000   0.0000000
1            0.1666667   0.2083333   0.0625000
1            0.1250000   0.1250000   0.1250000
1            0.1666667   0.2083333   0.1875000
1            0.1250000   0.1250000   0.2500000
1            0.1666667   0.2083333   0.3125000
1            0.1250000   0.1250000   0.3750000
1            0.1666667   0.2083333   0.4375000
1            0.1250000   0.1250000   0.5000000
1            0.1666667   0.2083333   0.5625000
1            0.1250000   0.1250000   0.6250000
1            0.1666667   0.2083333   0.6875000
1            0.1250000   0.1250000   0.7500000
1            0.1666667   0.2083333   0.8125000
1            0.1250000   0.1250000   0.8750000
1            0.1666667   0.2083333   0.9375000
1            0.1250000   0.2500000   0.0000000
1            0.1666667   0.3333333   0.0625000
1            0.1250000   0.2500000   0.1250000
1            0.1666667   0.3333333   0.1875000
1            0.1250000   0.2500000   0.2500000
1            0.1666667   0.3333333   0.3125000
1            0.1250000   0.2500000   0.3750000
1            0.1666667   0.3333333   0.4375000
1            0.1250000   0.2500000   0.5000000
1            0.1666667   0.3333333   0.5625000
1            0.1250000   0.2500000   0.6250000
1            0.1666667   0.3333333   0.6875000
1            0.1250000   0.2500000   0.7500000
1            0.1666667   0.3333333   0.8125000
1            0.1250000   0.2500000   0.8750000
1            0.1666667   0.3333333   0.9375000
1            0.1250000   0.3750000   0.0000000
1            0.1666667   0.4583333   0.0625000
1            0.1250000   0.3750000   0.1250000
1            0.1666667   0.4583333   0.1875000
1            0.1250000   0.3750000   0.2500000
1            0.1666667   0.4583333   0.3125000
1            0.1250000   0.3750000   0.3750000
1            0.1666667   0.4583333   0.4375000
1            0.1250000   0.3750000   0.5000000
1            0.1666667   0.4583333   0.5625000
1            0.1250000   0.3750000   0.6250000
1            0.1666667   0.4583333   0.6875000
1            0.1250000   0.3750000   0.7500000
1            0.1666667   0.4583333   0.8125000
1            0.1250000   0.3750000   0.8750000
1            0.1666667   0.4583333   0.9375000
1            0.1250000   0.5000000   0.0000000
1            0.1666667   0.5833333   0.0625000
1            0.1250000   0.5000000   0.1250000
1            0.1666667   0.5833333   0.1875000
1            0.1250000   0.5000000   0.2500000
1            0.1666667   0.5833333   0.3125000
1            0.1250000   0.5000000   0.3750000
1            0.1666667   0.5833333   0.4375000
1            0.1250000   0.5000000   0.5000000
1            0.1666667   0.5833333   0.5625000
1            0.1250000   0.5000000   0.6250000
1            0.1666667   0.5833333   0.6875000
1            0.1250000   0.5000000   0.7500000
1            0.1666667   0.5833333   0.8125000
1            0.1250000   0.5000000   0.8750000
1            0.1666667   0.5833333   0.9375000
1            0.1250000   0.6250000   0.0000000
1            0.1666667   0.7083333   0.0625000
1            0.1250000   0.6250000   0.1250000
1            0.1666667   0.7083333   0.1875000
1            0.1250000   0.6250000   0.2500000
1            0.1666667   0.7083333   0.3125000
1            0.1250000   0.6250000   0.3750000
1            0.1666667   0.7083333   0.4375000
1            0.1250000   0.6250000   0.5000000
1            0.1666667   0.7083333   0.5625000
1            0.1250000   0.6250000   0.6250000
1            0.1666667   0.7083333   0.6875000
1            0.1250000   0.6250000   0.7500000
1            0.1666667   0.7083333   0.8125000
1            0.1250000   0.6250000   0.8750000
1            0.1666667   0.7083333   0.9375000
1            0.1250000   0.7500000   0.0000000
1            0.1666667   0.8333333   0.0625000
1            0.1250000   0.7500000   0.1250000
1            0.1666667   0.8333333   0.1875000
1            0.1250000   0.7500000   0.2500000
1            0.1666667   0.8333333   0.3125000
1            0.1250000   0.7500000   0.3750000
1            0.1666667   0.8333333   0.4375000
1            0.1250000   0.7500000   0.5000000
1            0.1666667   0.8333333   0.5625000
1            0.1250000   0.7500000   0.6250000
1            0.1666667   0.8333333   0.6875000
1            0.1250000   0.7500000   0.7500000
1            0.1666667   0.8333333   0.8125000
1            0.1250000   0.7500000   0.8750000
1            0.1666667   0.8333333   0.9375000
1            0.1250000   0.8750000   0.0000000
1            0.1666667   0.9583333   0.0625000
1            0.1250000   0.8750000   0.1250000
1            0.1666667   0.9583333   0.1875000
1            0.1250000   0.8750000   0.2500000
1            0.1666667   0.9583333   0.3125000
1            0.1250000   0.8750000   0.3750000
1            0.1666667   0.9583333   0.4375000
1            0.1250000   0.8750000   0.5000000
1            0.1666667   0.9583333   0.5625000
1            0.1250000   0.8750000   0.6250000
1            0.1666667   0.9583333   0.6875000
1            0.1250000   0.8750000   0.7500000
1            0.1666667   0.9583333   0.8125000
1            0.1250000   0.8750000   0.8750000
1            0.1666667   0.9583333   0.9375000
1            0.2500000   0.0000000   0.0000000
1            0.2916667   0.0833333   0.0625000
1            0.2500000   0.0000000   0.1250000
1            0.2916667   0.0833333   0.1875000
1            0.2500000   0.0000000   0.2500000
1            0.2916667   0.0833333   0.3125000
1            0.2500000   0.0000000   0.3750000
1            0.2916667   0.0833333   0.4375000
1            0.2500000   0.0000000   0.5000000
1            0.2916667   0.0833333   0.5625000
1            0.2500000   0.0000000   0.6250000
1            0.2916667   0.0833333   0.6875000
1            0.2500000   0.0000000   0.7500000
1            0.2916667   0.0833333   0.8125000
1            0.2500000   0.0000000   0.8750000
1            0.2916667   0.0833333   0.9375000
1            0.2500000   0.1250000   0.0000000
1            0.2916667   0.2083333   0.0625000
1            0.2500000   0.1250000   0.1250000
1            0.2916667   0.2083333   0.1875000
1            0.2500000   0.1250000   0.2500000
1            0.2916667   0.2083333   0.3125000
1            0.2500000   0.1250000   0.3750000
1            0.2916667   0.2083333   0.4375000
1            0.2500000   0.1250000   0.5000000
1            0.2916667   0.2083333   0.5625000
1            0.2500000   0.1250000   0.6250000
1            0.2916667   0.2083333   0.6875000
1            0.2500000   0.1250000   0.7500000
1            0.2916667   0.2083333   0.8125000
1            0.2500000   0.1250000   0.8750000
1            0.2916667   0.2083333   0.9375000
1            0.2500000   0.2500000   0.0000000
1            0.2916667   0.3333333   0.0625000
1            0.2500000   0.2500000   0.1250000
1            0.2916667   0.3333333   0.1875000
1            0.2500000   0.2500000   0.2500000
1            0.2916667   0.3333333   0.3125000
1            0.2500000   0.2500000   0.3750000
1            0.2916667   0.3333333   0.4375000
1            0.2500000   0.2500000   0.5000000
1            0.2916667   0.3333333   0.5625000
1            0.2500000   0.2500000   0.6250000
1            0.2916667   0.3333333   0.6875000
1            0.2500000   0.2500000   0.7500000
1            0.2916667   0.3333333   0.8125000
1            0.2500000   0.2500000   0.8750000
1            0.2916667   0.3333333   0.9375000
1            0.2500000   0.3750000   0.0000000
1            0.2916667   0.4583333   0.0625000
1            0.2500000   0.3750000   0.1250000
1            0.2916667   0.4583333   0.1875000
1            0.2500000   0.3750000   0.2500000
1            0.2916667   0.4583333   0.3125000
1            0.2500000   0.3750000   0.3750000
1            0.2916667   0.4583333   0.4375000
1            0.2500000   0.3750000   0.5000000
1            0.2916667   0.4583333   0.5625000
1            0.2500000   0.3750000   0.6250000
1            0.2916667   0.4583333   0.6875000
1            0.2500000   0.3750000   0.7500000
1            0.2916667   0.4583333   0.8125000
1            0.2500000   0.3750000   0.8750000
1            0.2916667   0.4583333   0.9375000
1            0.2500000   0.5000000   0.0000000
1            0.2916667   0.5833333   0.0625000
1            0.2500000   0.5000000   0.1250000
1            0.2916667   0.5833333   0.1875000
1            0.2500000   0.5000000   0.2500000
1            0.2916667   0.5833333   0.3125000
1            0.2500000   0.5000000   0.3750000
1            0.2916667   0.5833333   0.4375000
1            0.2500000   0.5000000   0.5000000
1            0.2916667   0.5833333   0.5625000
1            0.2500000   0.5000000   0.6250000
1            0.2916667   0.5833333   0.6875000
1            0.2500000   0.5000000   0.7500000
1            0.2916667   0.5833333   0.8125000
1            0.2500000   0.5000000   0.8750000
1            0.2916667   0.5833333   0.9375000
1            0.2500000   0.6250000   0.0000000
1            0.2916667   0.7083333   0.0625000
1            0.2500000   0.6250000   0.1250000
1            0.2916667   0.7083333   0.1875000
1            0.2500000   0.6250000   0.2500000
1            0.2916667   0.7083333   0.3125000
1            0.2500000   0.6250000   0.3750000
1            0.2916667   0.7083333   0.4375000
1            0.2500000   0.6250000   0.5000000
1            0.2916667   0.7083333   0.5625000
1            0.2500000   0.6250000   0.6250000
1            0.2916667   0.7083333   0.6875000
1            0.2500000   0.6250000   0.7500000
1            0.2916667   0.7083333   0.8125000
1            0.2500000   0.6250000   0.8750000
1            0.2916667   0.7083333   0.9375000
1            0.2500000   0.7500000   0.0000000
1            0.2916667   0.8333333   0.0625000
1            0.2500000   0.7500000   0.1250000
1            0.2916667   0.8333333   0.1875000
1            0.2500000   0.7500000   0.2500000
1            0.2916667   0.8333333   0.3125000
1            0.2500000   0.7500000   0.3750000
1            0.2916667   0.8333333   0.4375000
1            0.2500000   0.7500000   0.5000000
1            0.2916667   0.8333333   0.5625000
1            0.2500000   0.7500000   0.6250000
1            0.2916667   0.8333333   0.6875000
1            0.2500000   0.7500000   0.7500000
1            0.2916667   0.8333333   0.8125000
1            0.2500000   0.7500000   0.8750000
1            0.2916667   0.8333333   0.9375000
1            0.2500000   0.8750000   0.0000000
1            0.2916667   0.9583333   0.0625000
1            0.2500000   0.8750000   0.1250000
1            0.2916667   0.9583333   0.1875000
1            0.2500000   0.8750000   0.2500000
1            0.2916667   0.9583333   0.3125000
1            0.2500000   0.8750000   0.3750000
1            0.2916667   0.9583333   0.4375000
1            0.2500000   0.8750000   0.5000000
1            0.2916667   0.9583333   0.5625000
1            0.2500000   0.8750000   0.6250000
1            0.2916667   0.9583333   0.6875000
1            0.2500000   0.8750000   0.7500000
1            0.2916667   0.9583333   0.8125000
1            0.2500000   0.8750000   0.8750000
1            0.2916667   0.9583333   0.9375000
1            0.3750000   0.0000000   0.0000000
1            0.4166667   0.0833333   0.0625000
1            0.3750000   0.0000000   0.1250000
1            0.4166667   0.0833333   0.1875000
1            0.3750000   0.0000000   0.2500000
1            0.4166667   0.0833333   0.3125000
1            0.3750000   0.0000000   0.3750000
1            0.4166667   0.0833333   0.4375000
1            0.3750000   0.0000000   0.5000000
1            0.4166667   0.0833333   0.5625000
1            0.3750000   0.0000000   0.6250000
1            0.4166667   0.0833333   0.6875000
1            0.3750000   0.0000000   0.7500000
1            0.4166667   0.0833333   0.8125000
1            0.3750000   0.0000000   0.8750000
1            0.4166667   0.0833333   0.9375000
1            0.3750000   0.1250000   0.0000000
1            0.4166667   0.2083333   0.0625000
1            0.3750000   0.1250000   0.1250000
1            0.4166667   0.2083333   0.1875000
1            0.3750000   0.1250000   0.2500000
1            0.4166667   0.2083333   0.3125000
1            0.3750000   0.1250000   0.3750000
1            0.4166667   0.2083333   0.4375000
1            0.3750000   0.1250000   0.5000000
1            0.4166667   0.2083333   0.5625000
1            0.3750000   0.1250000   0.6250000
1            0.4166667   0.2083333   0.6875000
1            0.3750000   0.1250000   0.7500000
1            0.4166667   0.2083333   0.8125000
1            0.3750000   0.1250000   0.8750000
1            0.4166667   0.2083333   0.9375000
1            0.3750000   0.2500000   0.0000000
1            0.4166667   0.3333333   0.0625000
1            0.3750000   0.2500000   0.1250000
1            0.4166667   0.3333333   0.1875000
1            0.3750000   0.2500000   0.2500000
1            0.4166667   0.3333333   0.3125000
1            0.3750000   0.2500000   0.3750000
1            0.4166667   0.3333333   0.4375000
1            0.3750000   0.2500000   0.5000000
1            0.4166667   0.3333333   0.5625000
1            0.3750000   0.2500000   0.6250000
1            0.4166667   0.3333333   0.6875000
1            0.3750000   0.2500000   0.7500000
1            0.4166667   0.3333333   0.8125000
1            0.3750000   0.2500000   0.8750000
1            0.4166667   0.3333333   0.9375000
1            0.3750000   0.3750000   0.0000000
1            0.4166667   0.4583333   0.0625000
1            0.3750000   0.3750000   0.1250000
1            0.4166667   0.4583333   0.1875000
1            0.3750000   0.3750000   0.2500000
1            0.4166667   0.4583333   0.3125000
1            0.3750000   0.3750000   0.3750000
1            0.4166667   0.4583333   0.4375000
1            0.3750000   0.3750000   0.5000000
1            0.4166667   0.4583333   0.5625000
1            0.3750000   0.3750000   0.6250000
1            0.4166667   0.4583333   0.6875000
1            0.3750000   0.3750000   0.7500000
1            0.4166667   0.4583333   0.8125000
1            0.3750000   0.3750000   0.8750000
1            0.4166667   0.4583333   0.9375000
1            0.3750000   0.5000000   0.0000000
1            0.4166667   0.5833333   0.0625000
1            0.3750000   0.5000000   0.1250000
1            0.4166667   0.5833333   0.1875000
1            0.3750000   0.5000000   0.2500000
1            0.4166667   0.5833333   0.3125000
1            0.3750000   0.5000000   0.3750000
1            0.4166667   0.5833333   0.4375000
1            0.3750000   0.5000000   0.5000000
1            0.4166667   0.5833333   0.5625000
1            0.3750000   0.5000000   0.6250000
1            0.4166667   0.5833333   0.6875000
1            0.3750000   0.5000000   0.7500000
1            0.4166667   0.5833333   0.8125000
1            0.3750000   0.5000000   0.8750000
1            0.4166667   0.5833333   0.9375000
1            0.3750000   0.6250000   0.0000000
1            0.4166667   0.7083333   0.0625000
1            0.3750000   0.6250000   0.1250000
1            0.4166667   0.7083333   0.1875000
1            0.3750000   0.6250000   0.2500000
1            0.4166667   0.7083333   0.3125000
1            0.3750000   0.6250000   0.3750000
1            0.4166667   0.7083333   0.4375000
1            0.3750000   0.6250000   0.5000000
1            0.4166667   0.7083333   0.5625000
1            0.3750000   0.6250000   0.6250000
1            0.4166667   0.7083333   0.6875000
1            0.3750000   0.6250000   0.7500000
1            0.4166667   0.7083333   0.8125000
1            0.3750000   0.6250000   0.8750000
1            0.4166667   0.7083333   0.9375000
1            0.3750000   0.7500000   0.0000000
1            0.4166667   0.8333333   0.0625000
1            0.3750000   0.7500000   0.1250000
1            0.4166667   0.8333333   0.1875000
1            0.3750000   0.7500000   0.2500000
1            0.4166667   0.8333333   0.3125000
1            0.3750000   0.7500000   0.3750000
1            0.4166667   0.8333333   0.4375000
1            0.3750000   0.7500000   0.5000000
1            0.4166667   0.8333333   0.5625000
1            0.3750000   0.7500000   0.6250000
1            0.4166667   0.8333333   0.6875000
1            0.3750000   0.7500000   0.7500000
1            0.4166667   0.8333333   0.8125000
1            0.3750000   0.7500000   0.8750000
1            0.4166667   0.8333333   0.9375000
1            0.3750000   0.8750000   0.0000000
1            0.4166667   0.9583333   0.0625000
1            0.3750000   0.8750000   0.1250000
1            0.4166667   0.9583333   0.1875000
1            0.3750000   0.8750000   0.2500000
1            0.4166667   0.9583333   0.3125000
1            0.3750000   0.8750000   0.3750000
1            0.4166667   0.9583333   0.4375000
1            0.3750000   0.8750000   0.5000000
1            0.4166667   0.9583333   0.5625000
1            0.3750000   0.8750000   0.6250000
1            0.4166667   0.9583333   0.6875000
1            0.3750000   0.8750000   0.7500000
1            0.4166667   0.9583333   0.8125000
1            0.3750000   0.8750000   0.8750000
1            0.4166667   0.9583333   0.9375000
1            0.5000000   0.0000000   0.0000000
1            0.5416667   0.0833333   0.0625000
1            0.5000000   0.0000000   0.1250000
1            0.5416667   0.0833333   0.1875000
1            0.5000000   0.0000000   0.2500000
1            0.5416667   0.0833333   0.3125000
1            0.5000000   0.0000000   0.3750000
1            0.5416667   0.0833333   0.4375000
1            0.5000000   0.0000000   0.5000000
1            0.5416667   0.0833333   0.5625000
1            0.5000000   0.0000000   0.6250000
1            0.5416667   0.0833333   0.6875000
1            0.5000000   0.0000000   0.7500000
1            0.5416667   0.0833333   0.8125000
1            0.5000000   0.0000000   0.8750000
1            0.5416667   0.0833333   0.9375000
1            0.5000000   0.1250000   0.0000000
1            0.5416667   0.2083333   0.0625000
1            0.5000000   0.1250000   0.1250000
1            0.5416667   0.2083333   0.1875000
1            0.5000000   0.1250000   0.2500000
1            0.5416667   0.2083333   0.3125000
1            0.5000000   0.1250000   0.3750000
1            0.5416667   0.2083333   0.4375000
1            0.5000000   0.1250000   0.5000000
1            0.5416667   0.2083333   0.5625000
1            0.5000000   0.1250000   0.6250000
1            0.5416667   0.2083333   0.6875000
1            0.5000000   0.1250000   0.7500000
1            0.5416667   0.2083333   0.8125000
1            0.5000000   0.1250000   0.8750000
1            0.5416667   0.2083333   0.9375000
1            0.5000000   0.2500000   0.0000000
1            0.5416667   0.3333333   0.0625000
1            0.5000000   0.2500000   0.1250000
1            0.5416667   0.3333333   0.1875000
1            0.5000000   0.2500000   0.2500000
1            0.5416667   0.3333333   0.3125000
1            0.5000000   0.2500000   0.3750000
1            0.5416667   0.3333333   0.4375000
1            0.5000000   0.2500000   0.5000000
1            0.5416667   0.3333333   0.5625000
1            0.5000000   0.2500000   0.6250000
1            0.5416667   0.3333333   0.6875000
1            0.5000000   0.2500000   0.7500000
1            0.5416667   0.3333333   0.8125000
1            0.5000000   0.2500000   0.8750000
1            0.5416667   0.3333333   0.9375000
1            0.5000000   0.3750000   0.0000000
1            0.5416667   0.4583333   0.0625000
1            0.5000000   0.3750000   0.1250000
1            0.5416667   0.4583333   0.1875000
1            0.5000000   0.3750000   0.2500000
1            0.5416667   0.4583333   0.3125000
1            0.5000000   0.3750000   0.3750000
1            0.5416667   0.4583333   0.4375000
1            0.5000000   0.3750000   0.5000000
1            0.5416667   0.4583333   0.5625000
1            0.5000000   0.3750000   0.6250000
1            0.5416667   0.4583333   0.6875000
1            0.5000000   0.3750000   0.7500000
1            0.5416667   0.4583333   0.8125000
1            0.5000000   0.3750000   0.8750000
1            0.5416667   0.4583333   0.9375000
1            0.5000000   0.5000000   0.0000000
1            0.5416667   0.5833333   0.0625000
1            0.5000000   0.5000000   0.1250000
1            0.5416667   0.5833333   0.1875000
1            0.5000000   0.5000000   0.2500000
1            0.5416667   0.5833333   0.3125000
1            0.5000000   0.5000000   0.3750000
1            0.5416667   0.5833333   0.4375000
1            0.5000000   0.5000000   0.5000000
1            0.5416667   0.5833333   0.5625000
1            0.5000000   0.5000000   0.6250000
1            0.5416667   0.5833333   0.6875000
1            0.5000000   0.5000000   0.7500000
1            0.5416667   0.5833333   0.8125000
1            0.5000000   0.5000000   0.8750000
1            0.5416667   0.5833333   0.9375000
1            0.5000000   0.6250000   0.0000000
1            0.5416667   0.7083333   0.0625000
1            0.5000000   0.6250000   0.1250000
1            0.5416667   0.7083333   0.1875000
1            0.5000000   0.6250000   0.2500000
1            0.5416667   0.7083333   0.3125000
1            0.5000000   0.6250000   0.3750000
1            0.5416667   0.7083333   0.4375000
1            0.5000000   0.6250000   0.5000000
1            0.5416667   0.7083333   0.5625000
1            0.5000000   0.6250000   0.6250000
1            0.5416667   0.7083333   0.6875000
1            0.5000000   0.6250000   0.7500000
1            0.5416667   0.7083333   0.8125000
1            0.5000000   0.6250000   0.8750000
1            0.5416667   0.7083333   0.9375000
1            0.5000000   0.7500000   0.0000000
1            0.5416667   0.8333333   0.0625000
1            0.5000000   0.7500000   0.1250000
1            0.5416667   0.8333333   0.1875000
1            0.5000000   0.7500000   0.2500000
1            0.5416667   0.8333333   0.3125000
1            0.5000000   0.7500000   0.3750000
1            0.5416667   0.8333333   0.4375000
1            0.5000000   0.7500000   0.5000000
1            0.5416667   0.8333333   0.5625000
1            0.5000000   0.7500000   0.6250000
1            0.5416667   0.8333333   0.6875000
1            0.5000000   0.7500000   0.7500000
1            0.5416667   0.8333333   0.8125000
1            0.5000000   0.7500000   0.8750000
1            0.5416667   0.8333333   0.9375000
1            0.5000000   0.8750000   0.0000000
1            0.5416667   0.9583333   0.0625000
1            0.5000000   0.8750000   0.1250000
1            0.5416667   0.9583333   0.1875000
1            0.5000000   0.8750000   0.2500000
1            0.5416667   0.9583333   0.3125000
1            0.5000000   0.8750000   0.3750000
1            0.5416667   0.9583333   0.4375000
1            0.5000000   0.8750000   0.5000000
1            0.5416667   0.9583333   0.5625000
1            0.5000000   0.8750000   0.6250000
1            0.5416667   0.9583333   0.6875000
1            0.5000000   0.8750000   0.7500000
1            0.5416667   0.9583333   0.8125000
1            0.5000000   0.8750000   0.8750000
1            0.5416667   0.9583333   0.9375000
1            0.6250000   0.0000000   0.0000000
1            0.6666667   0.0833333   0.0625000
1            0.6250000   0.0000000   0.1250000
1            0.6666667   0.0833333   0.1875000
1            0.6250000   0.0000000   0.2500000
1            0.6666667   0.0833333   0.3125000
1            0.6250000   0.0000000   0.3750000
1            0.6666667   0.0833333   0.4375000
1            0.6250000   0.0000000   0.5000000
1            0.6666667   0.0833333   0.5625000
1            0.6250000   0.0000000   0.6250000
1            0.6666667   0.0833333   0.6875000
1            0.6250000   0.0000000   0.7500000
1            0.6666667   0.0833333   0.8125000
1            0.6250000   0.0000000   0.8750000
1            0.6666667   0.0833333   0.9375000
1            0.6250000   0.1250000   0.0000000
1            0.6666667   0.2083333   0.0625000
1            0.6250000   0.1250000   0.1250000
1            0.6666667   0.2083333   0.1875000
1            0.6250000   0.1250000   0.2500000
1            0.6666667   0.2083333   0.3125000
1            0.6250000   0.1250000   0.3750000
1            0.6666667   0.2083333   0.4375000
1            0.6250000   0.1250000   0.5000000
1            0.6666667   0.2083333   0.5625000
1            0.6250000   0.1250000   0.6250000
1            0.6666667   0.2083333   0.6875000
1            0.6250000   0.1250000   0.7500000
1            0.6666667   0.2083333   0.8125000
1            0.6250000   0.1250000   0.8750000
1            0.6666667   0.2083333   0.9375000
1            0.6250000   0.2500000   0.0000000
1            0.6666667   0.3333333   0.0625000
1            0.6250000   0.2500000   0.1250000
1            0.6666667   0.3333333   0.1875000
1            0.6250000   0.2500000   0.2500000
1            0.6666667   0.3333333   0.3125000
1            0.6250000   0.2500000   0.3750000
1            0.6666667   0.3333333   0.4375000
1            0.6250000   0.2500000   0.5000000
1            0.6666667   0.3333333   0.5625000
1            0.6250000   0.2500000   0.6250000
1            0.6666667   0.3333333   0.6875000
1            0.6250000   0.2500000   0.7500000
1            0.6666667   0.3333333   0.8125000
1            0.6250000   0.2500000   0.8750000
1            0.6666667   0.3333333   0.9375000
1            0.6250000   0.3750000   0.0000000
1            0.6666667   0.4583333   0.0625000
1            0.6250000   0.3750000   0.1250000
1            0.6666667   0.4583333   0.1875000
1            0.6250000   0.3750000   0.2500000
1            0.6666667   0.4583333   0.3125000
1            0.6250000   0.3750000   0.3750000
1            0.6666667   0.4583333   0.4375000
1            0.6250000   0.3750000   0.5000000
1            0.6666667   0.4583333   0.5625000
1            0.6250000   0.3750000   0.6250000
1            0.6666667   0.4583333   0.6875000
1            0.6250000   0.3750000   0.7500000
1            0.6666667   0.4583333   0.8125000
1            0.6250000   0.3750000   0.8750000
1            0.6666667   0.4583333   0.9375000
1            0.6250000   0.5000000   0.0000000
1            0.6666667   0.5833333   0.0625000
1            0.6250000   0.5000000   0.1250000
1            0.6666667   0.5833333   0.1875000
1            0.6250000   0.5000000   0.2500000
1            0.6666667   0.5833333   0.3125000
1            0.6250000   0.5000000   0.3750000
1            0.6666667   0.5833333   0.4375000
1            0.6250000   0.5000000   0.5000000
1            0.6666667   0.5833333   0.5625000
1            0.6250000   0.5000000   0.6250000
1            0.6666667   0.5833333   0.6875000
1            0.6250000   0.5000000   0.7500000
1            0.6666667   0.5833333   0.8125000
1            0.6250000   0.5000000   0.8750000
1            0.6666667   0.5833333   0.9375000
1            0.6250000   0.6250000   0.0000000
1            0.6666667   0.7083333   0.0625000
1            0.6250000   0.6250000   0.1250000
1            0.6666667   0.7083333   0.1875000
1            0.6250000   0.6250000   0.2500000
1            0.6666667   0.7083333   0.3125000
1            0.6250000   0.6250000   0.3750000
1            0.6666667   0.7083333   0.4375000
1            0.6250000   0.6250000   0.5000000
1            0.6666667   0.7083333   0.5625000
1            0.6250000   0.6250000   0.6250000
1            0.6666667   0.7083333   0.6875000
1            0.6250000   0.6250000   0.7500000
1            0.6666667   0.7083333   0.8125000
1            0.6250000   0.6250000   0.8750000
1            0.6666667   0.7083333   0.9375000
1            0.6250000   0.7500000   0.0000000
1            0.6666667   0.8333333   0.0625000
1            0.6250000   0.7500000   0.1250000
1            0.6666667   0.8333333   0.1875000
1            0.6250000   0.7500000   0.2500000
1            0.6666667   0.8333333   0.3125000
1            0.6250000   0.7500000   0.3750000
1            0.6666667   0.8333333   0.4375000
1            0.6250000   0.7500000   0.5000000
1            0.6666667   0.8333333   0.5625000
1            0.6250000   0.7500000   0.6250000
1            0.6666667   0.8333333   0.6875000
1            0.6250000   0.7500000   0.7500000
1            0.6666667   0.8333333   0.8125000
1            0.6250000   0.7500000   0.8750000
1            0.6666667   0.8333333   0.9375000
1            0.6250000   0.8750000   0.0000000
1            0.6666667   0.9583333   0.0625000
1            0.6250000   0.8750000   0.1250000
1            0.6666667   0.9583333   0.1875000
1            0.6250000   0.8750000   0.2500000
1            0.6666667   0.9583333   0.3125000
1            0.6250000   0.8750000   0.3750000
1            0.6666667   0.9583333   0.4375000
1            0.6250000   0.8750000   0.5000000
1            0.6666667   0.9583333   0.5625000
1            0.6250000   0.8750000   0.6250000
1            0.6666667   0.9583333   0.6875000
1            0.6250000   0.8750000   0.7500000
1            0.6666667   0.9583333   0.8125000
1            0.6250000   0.8750000   0.8750000
1            0.6666667   0.9583333   0.9375000
1            0.7500000   0.0000000   0.0000000
1            0.7916667   0.0833333   0.0625000
1            0.7500000   0.0000000   0.1250000
1            0.7916667   0.0833333   0.1875000
1            0.7500000   0.0000000   0.2500000
1            0.7916667   0.0833333   0.3125000
1            0.7500000   0.0000000   0.3750000
1            0.7916667   0.0833333   0.4375000
1            0.7500000   0.0000000   0.5000000
1            0.7916667   0.0833333   0.5625000
1            0.7500000   0.0000000   0.6250000
1            0.7916667   0.0833333   0.6875000
1            0.7500000   0.0000000   0.7500000
1            0.7916667   0.0833333   0.8125000
1            0.7500000   0.0000000   0.8750000
1            0.7916667   0.0833333   0.9375000
1            0.7500000   0.1250000   0.0000000
1            0.7916667   0.2083333   0.0625000
1            0.7500000   0.1250000   0.1250000
1            0.7916667   0.2083333   0.1875000
1            0.7500000   0.1250000   0.2500000
1            0.7916667   0.2083333   0.3125000
1            0.7500000   0.1250000   0.3750000
1            0.7916667   0.2083333   0.4375000
1            0.7500000   0.1250000   0.5000000
1            0.7916667   0.2083333   0.5625000
1            0.7500000   0.1250000   0.6250000
1            0.7916667   0.2083333   0.6875000
1            0.7500000   0.1250000   0.7500000
1            0.7916667   0.2083333   0.8125000
1            0.7500000   0.1250000   0.8750000
1            0.7916667   0.2083333   0.9375000
1            0.7500000   0.2500000   0.0000000
1            0.7916667   0.3333333   0.0625000
1            0.7500000   0.2500000   0.1250000
1            0.7916667   0.3333333   0.1875000
1            0.7500000   0.2500000   0.2500000
1            0.7916667   0.3333333   0.3125000
1            0.7500000   0.2500000   0.3750000
1            0.7916667   0.3333333   0.4375000
1            0.7500000   0.2500000   0.5000000
1            0.7916667   0.3333333   0.5625000
1            0.7500000   0.2500000   0.6250000
1            0.7916667   0.3333333   0.6875000
1            0.7500000   0.2500000   0.7500000
1            0.7916667   0.3333333   0.8125000
1            0.7500000   0.2500000   0.8750000
1            0.7916667   0.3333333   0.9375000
1            0.7500000   0.3750000   0.0000000
1            0.7916667   0.4583333   0.0625000
1            0.7500000   0.3750000   0.1250000
1            0.7916667   0.4583333   0.1875000
1            0.7500000   0.3750000   0.2500000
1            0.7916667   0.4583333   0.3125000
1            0.7500000   0.3750000   0.3750000
1            0.7916667   0.4583333   0.4375000
1            0.7500000   0.3750000   0.5000000
1            0.7916667   0.4583333   0.5625000
1            0.7500000   0.3750000   0.6250000
1            0.7916667   0.4583333   0.6875000
1            0.7500000   0.3750000   0.7500000
1            0.7916667   0.4583333   0.8125000
1            0.7500000   0.3750000   0.8750000
1            0.7916667   0.4583333   0.9375000
1            0.7500000   0.5000000   0.0000000
1            0.7916667   0.5833333   0.0625000
1            0.7500000   0.5000000   0.1250000
1            0.7916667   0.5833333   0.1875000
1            0.7500000   0.5000000   0.2500000
1            0.7916667   0.5833333   0.3125000
1            0.7500000   0.5000000   0.3750000
1            0.7916667   0.5833333   0.4375000
1            0.7500000   0.5000000   0.5000000
1            0.7916667   0.5833333   0.5625000
1            0.7500000   0.5000000   0.6250000
1            0.7916667   0.5833333   0.6875000
1            0.7500000   0.5000000   0.7500000
1            0.7916667   0.5833333   0.8125000
1            0.7500000   0.5000000   0.8750000
1            0.7916667   0.5833333   0.9375000
1            0.7500000   0.6250000   0.0000000
1            0.7916667   0.7083333   0.0625000
1            0.7500000   0.6250000   0.1250000
1            0.7916667   0.7083333   0.1875000
1            0.7500000   0.6250000   0.2500000
1            0.7916667   0.7083333   0.3125000
1            0.7500000   0.6250000   0.3750000
1            0.7916667   0.7083333   0.4375000
1            0.7500000   0.6250000   0.5000000
1            0.7916667   0.7083333   0.5625000
1            0.7500000   0.6250000   0.6250000
1            0.7916667   0.7083333   0.6875000
1            0.7500000   0.6250000   0.7500000
1            0.7916667   0.7083333   0.8125000
1            0.7500000   0.6250000   0.8750000
1            0.7916667   0.7083333   0.9375000
1            0.7500000   0.7500000   0.0000000
1            0.7916667   0.8333333   0.0625000
1            0.7500000   0.7500000   0.1250000
1            0.7916667   0.8333333   0.1875000
1            0.7500000   0.7500000   0.2500000
1            0.7916667   0.8333333   0.3125000
1            0.7500000   0.7500000   0.3750000
1            0.7916667   0.8333333   0.4375000
1            0.7500000   0.7500000   0.5000000
1            0.7916667   0.8333333   0.5625000
1            0.7500000   0.7500000   0.6250000
1            0.7916667   0.8333333   0.6875000
1            0.7500000   0.7500000   0.7500000
1            0.7916667   0.8333333   0.8125000
1            0.7500000   0.7500000   0.8750000
1            0.7916667   0.8333333   0.9375000
1            0.7500000   0.8750000   0.0000000
1            0.7916667   0.9583333   0.0625000
1            0.7500000   0.8750000   0.1250000
1            0.7916667   0.9583333   0.1875000
1            0.7500000   0.8750000   0.2500000
1            0.7916667   0.9583333   0.3125000
1            0.7500000   0.8750000   0.3750000
1            0.7916667   0.9583333   0.4375000
1            0.7500000   0.8750000   0.5000000
1            0.7916667   0.9583333   0.5625000
1            0.7500000   0.8750000   0.6250000
1            0.7916667   0.9583333   0.6875000
1            0.7500000   0.8750000   0.7500000
1            0.7916667   0.9583333   0.8125000
1            0.7500000   0.8750000   0.8750000
1            0.7916667   0.9583333   0.9375000
1            0.8750000   0.0000000   0.0000000
1            0.9166667   0.0833333   0.0625000
1            0.8750000   0.0000000   0.1250000
1            0.9166667   0.0833333   0.1875000
1            0.8750000   0.0000000   0.2500000
1            0.9166667   0.0833333   0.3125000
1            0.8750000   0.0000000   0.3750000
1            0.9166667   0.0833333   0.4375000
1            0.8750000   0.0000000   0.5000000
1            0.9166667   0.0833333   0.5625000
1            0.8750000   0.0000000   0.6250000
1            0.9166667   0.0833333   0.6875000
1            0.8750000   0.0000000   0.7500000
1            0.9166667   0.0833333   0.8125000
1            0.8750000   0.0000000   0.8750000
1            0.9166667   0.0833333   0.9375000
1            0.8750000   0.1250000   0.0000000
1            0.9166667   0.2083333   0.0625000
1            0.8750000   0.1250000   0.1250000
1            0.9166667   0.2083333   0.1875000
1            0.8750000   0.1250000   0.2500000
1            0.9166667   0.2083333   0.3125000
1            0.8750000   0.1250000   0.3750000
1            0.9166667   0.2083333   0.4375000
1            0.8750000   0.1250000   0.5000000
1            0.9166667   0.2083333   0.5625000
1            0.8750000   0.1250000   0.6250000
1            0.9166667   0.2083333   0.6875000
1            0.8750000   0.1250000   0.7500000
1            0.9166667   0.2083333   0.8125000
1            0.8750000   0.1250000   0.8750000
1            0.9166667   0.2083333   0.9375000
1            0.8750000   0.2500000   0.0000000
1            0.9166667   0.3333333   0.0625000
1            0.8750000   0.2500000   0.1250000
1            0.9166667   0.3333333   0.1875000
1            0.8750000   0.2500000   0.2500000
1            0.9166667   0.3333333   0.3125000
1            0.8750000   0.2500000   0.3750000
1            0.9166667   0.3333333   0.4375000
1            0.8750000   0.2500000   0.5000000
1            0.9166667   0.3333333   0.5625000
1            0.8750000   0.2500000   0.6250000
1            0.9166667   0.3333333   0.6875000
1            0.8750000   0.2500000   0.7500000
1            0.9166667   0.3333333   0.8125000
1            0.8750000   0.2500000   0.8750000
1            0.9166667   0.3333333   0.9375000
1            0.8750000   0.3750000   0.0000000
1            0.9166667   0.4583333   0.0625000
1            0.8750000   0.3750000   0.1250000
1            0.9166667   0.4583333   0.1875000
1            0.8750000   0.3750000   0.2500000
1            0.9166667   0.4583333   0.3125000
1            0.8750000   0.3750000   0.3750000
1            0.9166667   0.4583333   0.4375000
1            0.8750000   0.3750000   0.5000000
1            0.9166667   0.4583333   0.5625000
1            0.8750000   0.3750000   0.6250000
1            0.9166667   0.4583333   0.6875000
1            0.8750000   0.3750000   0.7500000
1            0.9166667   0.4583333   0.8125000
1            0.8750000   0.3750000   0.8750000
1            0.9166667   0.4583333   0.9375000
1            0.8750000   0.5000000   0.0000000
1            0.9166667   0.5833333   0.0625000
1            0.8750000   0.5000000   0.1250000
1            0.9166667   0.5833333   0.1875000
1            0.8750000   0.5000000   0.2500000
1            0.9166667   0.5833333   0.3125000
1            0.8750000   0.5000000   0.3750000
1            0.9166667   0.5833333   0.4375000
1            0.8750000   0.5000000   0.5000000
1            0.9166667   0.5833333   0.5625000
1            0.8750000   0.5000000   0.6250000
1            0.9166667   0.5833333   0.6875000
1            0.8750000   0.5000000   0.7500000
1            0.9166667   0.5833333   0.8125000
1            0.8750000   0.5000000   0.8750000
1            0.9166667   0.5833333   0.9375000
1            0.8750000   0.6250000   0.0000000
1            0.9166667   0.7083333   0.0625000
1            0.8750000   0.6250000   0.1250000
1            0.9166667   0.7083333   0.1875000
1            0.8750000   0.6250000   0.2500000
1            0.9166667   0.7083333   0.3125000
1            0.8750000   0.6250000   0.3750000
1            0.9166667   0.7083333   0.4375000
1            0.8750000   0.6250000   0.5000000
1            0.9166667   0.7083333   0.5625000
1            0.8750000   0.6250000   0.6250000
1            0.9166667   0.7083333   0.6875000
1            0.8750000   0.6250000   0.7500000
1            0.9166667   0.7083333   0.8125000
1            0.8750000   0.6250000   0.8750000
1            0.9166667   0.7083333   0.9375000
1            0.8750000   0.7500000   0.0000000
1            0.9166667   0.8333333   0.0625000
1            0.8750000   0.7500000   0.1250000
1            0.9166667   0.8333333   0.1875000
1            0.8750000   0.7500000   0.2500000
1            0.9166667   0.8333333   0.3125000
1            0.8750000   0.7500000   0.3750000
1            0.9166667   0.8333333   0.4375000
1            0.8750000   0.7500000   0.5000000
1            0.9166667   0.8333333   0.5625000
1            0.8750000   0.7500000   0.6250000
1            0.9166667   0.8333333   0.6875000
1            0.8750000   0.7500000   0.7500000
1            0.9166667   0.8333333   0.8125000
1            0.8750000   0.7500000   0.8750000
1            0.9166667   0.8333333   0.9375000
1            0.8750000   0.8750000   0.0000000
1            0.9166667   0.9583333   0.0625000
1            0.8750000   0.8750000   0.1250000
1            0.9166667   0.9583333   0.1875000
1            0.8750000   0.8750000   0.2500000
1            0.9166667   0.9583333   0.3125000
1            0.8750000   0.8750000   0.3750000
1            0.9166667   0.9583333   0.4375000
1            0.8750000   0.8750000   0.5000000
1            0.9166667   0.9583333   0.5625000
1            0.8750000   0.8750000   0.6250000
1            0.9166667   0.9583333   0.6875000
1            0.8750000   0.8750000   0.7500000
1            0.9166667   0.9583333   0.8125000
1            0.8750000   0.8750000   0.8750000
1            0.9166667   0.9583333   0.9375000
