1            0.0000000   0.0000000   0.0000000
1            0.9062489   1.1165442   2.1509367
1            0.0000000   0.0000000   4.3018734
1            0.9062489   1.1165442   6.4528101
1            0.0000000   0.0000000   8.6037468
1            0.9062489   1.1165442  10.7546834
1            0.0000000   0.0000000  12.9056201
1            0.9062489   1.1165442  15.0565568
1            0.0000000   0.0000000  17.2074935
1            0.9062489   1.1165442  19.3584302
1            0.0000000   0.0000000  21.5093669
1            0.9062489   1.1165442  23.6603036
1            0.0000000   0.0000000  25.8112403
1            0.9062489   1.1165442  27.9621770
1            0.0000000   0.0000000  30.1131136
1            0.9062489   1.1165442  32.2640503
1            0.0000000   2.3545029   0.0000000
1            0.9062489   3.4710471   2.1509367
1            0.0000000   2.3545029   4.3018734
1            0.9062489   3.4710471   6.4528101
1            0.0000000   2.3545029   8.6037468
1            0.9062489   3.4710471  10.7546834
1            0.0000000   2.3545029  12.9056201
1            0.9062489   3.4710471  15.0565568
1            0.0000000   2.3545029  17.2074935
1            0.9062489   3.4710471  19.3584302
1            0.0000000   2.3545029  21.5093669
1            0.9062489   3.4710471  23.6603036
1            0.0000000   2.3545029  25.8112403
1            0.9062489   3.4710471  27.9621770
1            0.0000000   2.3545029  30.1131136
1            0.9062489   3.4710471  32.2640503
1            0.0000000   4.7090057   0.0000000
1            0.9062489   5.8255499   2.1509367
1            0.0000000   4.7090057   4.3018734
1            0.9062489   5.8255499   6.4528101
1            0.0000000   4.7090057   8.6037468
1            0.9062489   5.8255499  10.7546834
1            0.0000000   4.7090057  12.9056201
1            0.9062489   5.8255499  15.0565568
1            0.0000000   4.7090057  17.2074935
1            0.9062489   5.8255499  19.3584302
1            0.0000000   4.7090057  21.5093669
1            0.9062489   5.8255499  23.6603036
1            0.0000000   4.7090057  25.8112403
1            0.9062489   5.8255499  27.9621770
1            0.0000000   4.7090057  30.1131136
1            0.9062489   5.8255499  32.2640503
1            0.0000000   7.0635086   0.0000000
1            0.9062489   8.1800528   2.1509367
1            0.0000000   7.0635086   4.3018734
1            0.9062489   8.1800528   6.4528101
1            0.0000000   7.0635086   8.6037468
1            0.9062489   8.1800528  10.7546834
1            0.0000000   7.0635086  12.9056201
1            0.9062489   8.1800528  15.0565568
1            0.0000000   7.0635086  17.2074935
1            0.9062489   8.1800528  19.3584302
1            0.0000000   7.0635086  21.5093669
1            0.9062489   8.1800528  23.6603036
1            0.0000000   7.0635086  25.8112403
1            0.9062489   8.1800528  27.9621770
1            0.0000000   7.0635086  30.1131136
1            0.9062489   8.1800528  32.2640503
1            0.0000000   9.4180115   0.0000000
1            0.9062489  10.5345557   2.1509367
1            0.0000000   9.4180115   4.3018734
1            0.9062489  10.5345557   6.4528101
1            0.0000000   9.4180115   8.6037468
1            0.9062489  10.5345557  10.7546834
1            0.0000000   9.4180115  12.9056201
1            0.9062489  10.5345557  15.0565568
1            0.0000000   9.4180115  17.2074935
1            0.9062489  10.5345557  19.3584302
1            0.0000000   9.4180115  21.5093669
1            0.9062489  10.5345557  23.6603036
1            0.0000000   9.4180115  25.8112403
1            0.9062489  10.5345557  27.9621770
1            0.0000000   9.4180115  30.1131136
1            0.9062489  10.5345557  32.2640503
1            0.0000000  11.7725144   0.0000000
1            0.9062489  12.8890586   2.1509367
1            0.0000000  11.7725144   4.3018734
1            0.9062489  12.8890586   6.4528101
1            0.0000000  11.7725144   8.6037468
1            0.9062489  12.8890586  10.7546834
1            0.0000000  11.7725144  12.9056201
1            0.9062489  12.8890586  15.0565568
1            0.0000000  11.7725144  17.2074935
1            0.9062489  12.8890586  19.3584302
1            0.0000000  11.7725144  21.5093669
1            0.9062489  12.8890586  23.6603036
1            0.0000000  11.7725144  25.8112403
1            0.9062489  12.8890586  27.9621770
1            0.0000000  11.7725144  30.1131136
1            0.9062489  12.8890586  32.2640503
1            0.0000000  14.1270172   0.0000000
1            0.9062489  15.2435614   2.1509367
1            0.0000000  14.1270172   4.3018734
1            0.9062489  15.2435614   6.4528101
1            0.0000000  14.1270172   8.6037468
1            0.9062489  15.2435614  10.7546834
1            0.0000000  14.1270172  12.9056201
1            0.9062489  15.2435614  15.0565568
1            0.0000000  14.1270172  17.2074935
1            0.9062489  15.2435614  19.3584302
1            0.0000000  14.1270172  21.5093669
1            0.9062489  15.2435614  23.6603036
1            0.0000000  14.1270172  25.8112403
1            0.9062489  15.2435614  27.9621770
1            0.0000000  14.1270172  30.1131136
1            0.9062489  15.2435614  32.2640503
1            0.0000000  16.4815201   0.0000000
1            0.9062489  17.5980643   2.1509367
1            0.0000000  16.4815201   4.3018734
1            0.9062489  17.5980643   6.4528101
1            0.0000000  16.4815201   8.6037468
1            0.9062489  17.5980643  10.7546834
1            0.0000000  16.4815201  12.9056201
1            0.9062489  17.5980643  15.0565568
1            0.0000000  16.4815201  17.2074935
1            0.9062489  17.5980643  19.3584302
1            0.0000000  16.4815201  21.5093669
1            0.9062489  17.5980643  23.6603036
1            0.0000000  16.4815201  25.8112403
1            0.9062489  17.5980643  27.9621770
1            0.0000000  16.4815201  30.1131136
1            0.9062489  17.5980643  32.2640503
1            2.7187470  -1.3593735   0.0000000
1            3.6249959  -0.2428293   2.1509367
1            2.7187470  -1.3593735   4.3018734
1            3.6249959  -0.2428293   6.4528101
1            2.7187470  -1.3593735   8.6037468
1            3.6249959  -0.2428293  10.7546834
1            2.7187470  -1.3593735  12.9056201
1            3.6249959  -0.2428293  15.0565568
1            2.7187470  -1.3593735  17.2074935
1            3.6249959  -0.2428293  19.3584302
1            2.7187470  -1.3593735  21.5093669
1            3.6249959  -0.2428293  23.6603036
1            2.7187470  -1.3593735  25.8112403
1            3.6249959  -0.2428293  27.9621770
1            2.7187470  -1.3593735  30.1131136
1            3.6249959  -0.2428293  32.2640503
1            2.7187470   0.9951294   0.0000000
1            3.6249959   2.1116736   2.1509367
1            2.7187470   0.9951294   4.3018734
1            3.6249959   2.1116736   6.4528101
1            2.7187470   0.9951294   8.6037468
1            3.6249959   2.1116736  10.7546834
1            2.7187470   0.9951294  12.9056201
1            3.6249959   2.1116736  15.0565568
1            2.7187470   0.9951294  17.2074935
1            3.6249959   2.1116736  19.3584302
1            2.7187470   0.9951294  21.5093669
1            3.6249959   2.1116736  23.6603036
1            2.7187470   0.9951294  25.8112403
1            3.6249959   2.1116736  27.9621770
1            2.7187470   0.9951294  30.1131136
1            3.6249959   2.1116736  32.2640503
1            2.7187470   3.3496322   0.0000000
1            3.6249959   4.4661764   2.1509367
1            2.7187470   3.3496322   4.3018734
1            3.6249959   4.4661764   6.4528101
1            2.7187470   3.3496322   8.6037468
1            3.6249959   4.4661764  10.7546834
1            2.7187470   3.3496322  12.9056201
1            3.6249959   4.4661764  15.0565568
1            2.7187470   3.3496322  17.2074935
1            3.6249959   4.4661764  19.3584302
1            2.7187470   3.3496322  21.5093669
1            3.6249959   4.4661764  23.6603036
1            2.7187470   3.3496322  25.8112403
1            3.6249959   4.4661764  27.9621770
1            2.7187470   3.3496322  30.1131136
1            3.6249959   4.4661764  32.2640503
1            2.7187470   5.7041351   0.0000000
1            3.6249959   6.8206793   2.1509367
1            2.7187470   5.7041351   4.3018734
1            3.6249959   6.8206793   6.4528101
1            2.7187470   5.7041351   8.6037468
1            3.6249959   6.8206793  10.7546834
1            2.7187470   5.7041351  12.9056201
1            3.6249959   6.8206793  15.0565568
1            2.7187470   5.7041351  17.2074935
1            3.6249959   6.8206793  19.3584302
1            2.7187470   5.7041351  21.5093669
1            3.6249959   6.8206793  23.6603036
1            2.7187470   5.7041351  25.8112403
1            3.6249959   6.8206793  27.9621770
1            2.7187470   5.7041351  30.1131136
1            3.6249959   6.8206793  32.2640503
1            2.7187470   8.0586380   0.0000000
1            3.6249959   9.1751822   2.1509367
1            2.7187470   8.0586380   4.3018734
1            3.6249959   9.1751822   6.4528101
1            2.7187470   8.0586380   8.6037468
1            3.6249959   9.1751822  10.7546834
1            2.7187470   8.0586380  12.9056201
1            3.6249959   9.1751822  15.0565568
1            2.7187470   8.0586380  17.2074935
1            3.6249959   9.1751822  19.3584302
1            2.7187470   8.0586380  21.5093669
1            3.6249959   9.1751822  23.6603036
1            2.7187470   8.0586380  25.8112403
1            3.6249959   9.1751822  27.9621770
1            2.7187470   8.0586380  30.1131136
1            3.6249959   9.1751822  32.2640503
1            2.7187470  10.4131409   0.0000000
1            3.6249959  11.5296851   2.1509367
1            2.7187470  10.4131409   4.3018734
1            3.6249959  11.5296851   6.4528101
1            2.7187470  10.4131409   8.6037468
1            3.6249959  11.5296851  10.7546834
1            2.7187470  10.4131409  12.9056201
1            3.6249959  11.5296851  15.0565568
1            2.7187470  10.4131409  17.2074935
1            3.6249959  11.5296851  19.3584302
1            2.7187470  10.4131409  21.5093669
1            3.6249959  11.5296851  23.6603036
1            2.7187470  10.4131409  25.8112403
1            3.6249959  11.5296851  27.9621770
1            2.7187470  10.4131409  30.1131136
1            3.6249959  11.5296851  32.2640503
1            2.7187470  12.7676437   0.0000000
1            3.6249959  13.8841879   2.1509367
1            2.7187470  12.7676437   4.3018734
1            3.6249959  13.8841879   6.4528101
1            2.7187470  12.7676437   8.6037468
1            3.6249959  13.8841879  10.7546834
1            2.7187470  12.7676437  12.9056201
1            3.6249959  13.8841879  15.0565568
1            2.7187470  12.7676437  17.2074935
1            3.6249959  13.8841879  19.3584302
1            2.7187470  12.7676437  21.5093669
1            3.6249959  13.8841879  23.6603036
1            2.7187470  12.7676437  25.8112403
1            3.6249959  13.8841879  27.9621770
1            2.7187470  12.7676437  30.1131136
1            3.6249959  13.8841879  32.2640503
1            2.7187470  15.1221466   0.0000000
1            3.6249959  16.2386908   2.1509367
1            2.7187470  15.1221466   4.3018734
1            3.6249959  16.2386908   6.4528101
1            2.7187470  15.1221466   8.6037468
1            3.6249959  16.2386908  10.7546834
1            2.7187470  15.1221466  12.9056201
1            3.6249959  16.2386908  15.0565568
1            2.7187470  15.1221466  17.2074935
1            3.6249959  16.2386908  19.3584302
1            2.7187470  15.1221466  21.5093669
1            3.6249959  16.2386908  23.6603036
1            2.7187470  15.1221466  25.8112403
1            3.6249959  16.2386908  27.9621770
1            2.7187470  15.1221466  30.1131136
1            3.6249959  16.2386908  32.2640503
1            5.4374940  -2.7187470   0.0000000
1            6.3437429  -1.6022028   2.1509367
1            5.4374940  -2.7187470   4.3018734
1            6.3437429  -1.6022028   6.4528101
1            5.4374940  -2.7187470   8.6037468
1            6.3437429  -1.6022028  10.7546834
1            5.4374940  -2.7187470  12.9056201
1            6.3437429  -1.6022028  15.0565568
1            5.4374940  -2.7187470  17.2074935
1            6.3437429  -1.6022028  19.3584302
1            5.4374940  -2.7187470  21.5093669
1            6.3437429  -1.6022028  23.6603036
1            5.4374940  -2.7187470  25.8112403
1            6.3437429  -1.6022028  27.9621770
1            5.4374940  -2.7187470  30.1131136
1            6.3437429  -1.6022028  32.2640503
1            5.4374940  -0.3642441   0.0000000
1            6.3437429   0.7523001   2.1509367
1            5.4374940  -0.3642441   4.3018734
1            6.3437429   0.7523001   6.4528101
1            5.4374940  -0.3642441   8.6037468
1            6.3437429   0.7523001  10.7546834
1            5.4374940  -0.3642441  12.9056201
1            6.3437429   0.7523001  15.0565568
1            5.4374940  -0.3642441  17.2074935
1            6.3437429   0.7523001  19.3584302
1            5.4374940  -0.3642441  21.5093669
1            6.3437429   0.7523001  23.6603036
1            5.4374940  -0.3642441  25.8112403
1            6.3437429   0.7523001  27.9621770
1            5.4374940  -0.3642441  30.1131136
1            6.3437429   0.7523001  32.2640503
1            5.4374940   1.9902587   0.0000000
1            6.3437429   3.1068029   2.1509367
1            5.4374940   1.9902587   4.3018734
1            6.3437429   3.1068029   6.4528101
1            5.4374940   1.9902587   8.6037468
1            6.3437429   3.1068029  10.7546834
1            5.4374940   1.9902587  12.9056201
1            6.3437429   3.1068029  15.0565568
1            5.4374940   1.9902587  17.2074935
1            6.3437429   3.1068029  19.3584302
1            5.4374940   1.9902587  21.5093669
1            6.3437429   3.1068029  23.6603036
1            5.4374940   1.9902587  25.8112403
1            6.3437429   3.1068029  27.9621770
1            5.4374940   1.9902587  30.1131136
1            6.3437429   3.1068029  32.2640503
1            5.4374940   4.3447616   0.0000000
1            6.3437429   5.4613058   2.1509367
1            5.4374940   4.3447616   4.3018734
1            6.3437429   5.4613058   6.4528101
1            5.4374940   4.3447616   8.6037468
1            6.3437429   5.4613058  10.7546834
1            5.4374940   4.3447616  12.9056201
1            6.3437429   5.4613058  15.0565568
1            5.4374940   4.3447616  17.2074935
1            6.3437429   5.4613058  19.3584302
1            5.4374940   4.3447616  21.5093669
1            6.3437429   5.4613058  23.6603036
1            5.4374940   4.3447616  25.8112403
1            6.3437429   5.4613058  27.9621770
1            5.4374940   4.3447616  30.1131136
1            6.3437429   5.4613058  32.2640503
1            5.4374940   6.6992645   0.0000000
1            6.3437429   7.8158087   2.1509367
1            5.4374940   6.6992645   4.3018734
1            6.3437429   7.8158087   6.4528101
1            5.4374940   6.6992645   8.6037468
1            6.3437429   7.8158087  10.7546834
1            5.4374940   6.6992645  12.9056201
1            6.3437429   7.8158087  15.0565568
1            5.4374940   6.6992645  17.2074935
1            6.3437429   7.8158087  19.3584302
1            5.4374940   6.6992645  21.5093669
1            6.3437429   7.8158087  23.6603036
1            5.4374940   6.6992645  25.8112403
1            6.3437429   7.8158087  27.9621770
1            5.4374940   6.6992645  30.1131136
1            6.3437429   7.8158087  32.2640503
1            5.4374940   9.0537674   0.0000000
1            6.3437429  10.1703116   2.1509367
1            5.4374940   9.0537674   4.3018734
1            6.3437429  10.1703116   6.4528101
1            5.4374940   9.0537674   8.6037468
1            6.3437429  10.1703116  10.7546834
1            5.4374940   9.0537674  12.9056201
1            6.3437429  10.1703116  15.0565568
1            5.4374940   9.0537674  17.2074935
1            6.3437429  10.1703116  19.3584302
1            5.4374940   9.0537674  21.5093669
1            6.3437429  10.1703116  23.6603036
1            5.4374940   9.0537674  25.8112403
1            6.3437429  10.1703116  27.9621770
1            5.4374940   9.0537674  30.1131136
1            6.3437429  10.1703116  32.2640503
1            5.4374940  11.4082702   0.0000000
1            6.3437429  12.5248144   2.1509367
1            5.4374940  11.4082702   4.3018734
1            6.3437429  12.5248144   6.4528101
1            5.4374940  11.4082702   8.6037468
1            6.3437429  12.5248144  10.7546834
1            5.4374940  11.4082702  12.9056201
1            6.3437429  12.5248144  15.0565568
1            5.4374940  11.4082702  17.2074935
1            6.3437429  12.5248144  19.3584302
1            5.4374940  11.4082702  21.5093669
1            6.3437429  12.5248144  23.6603036
1            5.4374940  11.4082702  25.8112403
1            6.3437429  12.5248144  27.9621770
1            5.4374940  11.4082702  30.1131136
1            6.3437429  12.5248144  32.2640503
1            5.4374940  13.7627731   0.0000000
1            6.3437429  14.8793173   2.1509367
1            5.4374940  13.7627731   4.3018734
1            6.3437429  14.8793173   6.4528101
1            5.4374940  13.7627731   8.6037468
1            6.3437429  14.8793173  10.7546834
1            5.4374940  13.7627731  12.9056201
1            6.3437429  14.8793173  15.0565568
1            5.4374940  13.7627731  17.2074935
1            6.3437429  14.8793173  19.3584302
1            5.4374940  13.7627731  21.5093669
1            6.3437429  14.8793173  23.6603036
1            5.4374940  13.7627731  25.8112403
1            6.3437429  14.8793173  27.9621770
1            5.4374940  13.7627731  30.1131136
1            6.3437429  14.8793173  32.2640503
1            8.1562410  -4.0781205   0.0000000
1            9.0624899  -2.9615763   2.1509367
1            8.1562410  -4.0781205   4.3018734
1            9.0624899  -2.9615763   6.4528101
1            8.1562410  -4.0781205   8.6037468
1            9.0624899  -2.9615763  10.7546834
1            8.1562410  -4.0781205  12.9056201
1            9.0624899  -2.9615763  15.0565568
1            8.1562410  -4.0781205  17.2074935
1            9.0624899  -2.9615763  19.3584302
1            8.1562410  -4.0781205  21.5093669
1            9.0624899  -2.9615763  23.6603036
1            8.1562410  -4.0781205  25.8112403
1            9.0624899  -2.9615763  27.9621770
1            8.1562410  -4.0781205  30.1131136
1            9.0624899  -2.9615763  32.2640503
1            8.1562410  -1.7236176   0.0000000
1            9.0624899  -0.6070734   2.1509367
1            8.1562410  -1.7236176   4.3018734
1            9.0624899  -0.6070734   6.4528101
1            8.1562410  -1.7236176   8.6037468
1            9.0624899  -0.6070734  10.7546834
1            8.1562410  -1.7236176  12.9056201
1            9.0624899  -0.6070734  15.0565568
1            8.1562410  -1.7236176  17.2074935
1            9.0624899  -0.6070734  19.3584302
1            8.1562410  -1.7236176  21.5093669
1            9.0624899  -0.6070734  23.6603036
1            8.1562410  -1.7236176  25.8112403
1            9.0624899  -0.6070734  27.9621770
1            8.1562410  -1.7236176  30.1131136
1            9.0624899  -0.6070734  32.2640503
1            8.1562410   0.6308852   0.0000000
1            9.0624899   1.7474294   2.1509367
1            8.1562410   0.6308852   4.3018734
1            9.0624899   1.7474294   6.4528101
1            8.1562410   0.6308852   8.6037468
1            9.0624899   1.7474294  10.7546834
1            8.1562410   0.6308852  12.9056201
1            9.0624899   1.7474294  15.0565568
1            8.1562410   0.6308852  17.2074935
1            9.0624899   1.7474294  19.3584302
1            8.1562410   0.6308852  21.5093669
1            9.0624899   1.7474294  23.6603036
1            8.1562410   0.6308852  25.8112403
1            9.0624899   1.7474294  27.9621770
1            8.1562410   0.6308852  30.1131136
1            9.0624899   1.7474294  32.2640503
1            8.1562410   2.9853881   0.0000000
1            9.0624899   4.1019323   2.1509367
1            8.1562410   2.9853881   4.3018734
1            9.0624899   4.1019323   6.4528101
1            8.1562410   2.9853881   8.6037468
1            9.0624899   4.1019323  10.7546834
1            8.1562410   2.9853881  12.9056201
1            9.0624899   4.1019323  15.0565568
1            8.1562410   2.9853881  17.2074935
1            9.0624899   4.1019323  19.3584302
1            8.1562410   2.9853881  21.5093669
1            9.0624899   4.1019323  23.6603036
1            8.1562410   2.9853881  25.8112403
1            9.0624899   4.1019323  27.9621770
1            8.1562410   2.9853881  30.1131136
1            9.0624899   4.1019323  32.2640503
1            8.1562410   5.3398910   0.0000000
1            9.0624899   6.4564352   2.1509367
1            8.1562410   5.3398910   4.3018734
1            9.0624899   6.4564352   6.4528101
1            8.1562410   5.3398910   8.6037468
1            9.0624899   6.4564352  10.7546834
1            8.1562410   5.3398910  12.9056201
1            9.0624899   6.4564352  15.0565568
1            8.1562410   5.3398910  17.2074935
1            9.0624899   6.4564352  19.3584302
1            8.1562410   5.3398910  21.5093669
1            9.0624899   6.4564352  23.6603036
1            8.1562410   5.3398910  25.8112403
1            9.0624899   6.4564352  27.9621770
1            8.1562410   5.3398910  30.1131136
1            9.0624899   6.4564352  32.2640503
1            8.1562410   7.6943939   0.0000000
1            9.0624899   8.8109381   2.1509367
1            8.1562410   7.6943939   4.3018734
1            9.0624899   8.8109381   6.4528101
1            8.1562410   7.6943939   8.6037468
1            9.0624899   8.8109381  10.7546834
1            8.1562410   7.6943939  12.9056201
1            9.0624899   8.8109381  15.0565568
1            8.1562410   7.6943939  17.2074935
1            9.0624899   8.8109381  19.3584302
1            8.1562410   7.6943939  21.5093669
1            9.0624899   8.8109381  23.6603036
1            8.1562410   7.6943939  25.8112403
1            9.0624899   8.8109381  27.9621770
1            8.1562410   7.6943939  30.1131136
1            9.0624899   8.8109381  32.2640503
1            8.1562410  10.0488967   0.0000000
1            9.0624899  11.1654409   2.1509367
1            8.1562410  10.0488967   4.3018734
1            9.0624899  11.1654409   6.4528101
1            8.1562410  10.0488967   8.6037468
1            9.0624899  11.1654409  10.7546834
1            8.1562410  10.0488967  12.9056201
1            9.0624899  11.1654409  15.0565568
1            8.1562410  10.0488967  17.2074935
1            9.0624899  11.1654409  19.3584302
1            8.1562410  10.0488967  21.5093669
1            9.0624899  11.1654409  23.6603036
1            8.1562410  10.0488967  25.8112403
1            9.0624899  11.1654409  27.9621770
1            8.1562410  10.0488967  30.1131136
1            9.0624899  11.1654409  32.2640503
1            8.1562410  12.4033996   0.0000000
1            9.0624899  13.5199438   2.1509367
1            8.1562410  12.4033996   4.3018734
1            9.0624899  13.5199438   6.4528101
1            8.1562410  12.4033996   8.6037468
1            9.0624899  13.5199438  10.7546834
1            8.1562410  12.4033996  12.9056201
1            9.0624899  13.5199438  15.0565568
1            8.1562410  12.4033996  17.2074935
1            9.0624899  13.5199438  19.3584302
1            8.1562410  12.4033996  21.5093669
1            9.0624899  13.5199438  23.6603036
1            8.1562410  12.4033996  25.8112403
1            9.0624899  13.5199438  27.9621770
1            8.1562410  12.4033996  30.1131136
1            9.0624899  13.5199438  32.2640503
1           10.8749880  -5.4374940   0.0000000
1           11.7812369  -4.3209498   2.1509367
1           10.8749880  -5.4374940   4.3018734
1           11.7812369  -4.3209498   6.4528101
1           10.8749880  -5.4374940   8.6037468
1           11.7812369  -4.3209498  10.7546834
1           10.8749880  -5.4374940  12.9056201
1           11.7812369  -4.3209498  15.0565568
1           10.8749880  -5.4374940  17.2074935
1           11.7812369  -4.3209498  19.3584302
1           10.8749880  -5.4374940  21.5093669
1           11.7812369  -4.3209498  23.6603036
1           10.8749880  -5.4374940  25.8112403
1           11.7812369  -4.3209498  27.9621770
1           10.8749880  -5.4374940  30.1131136
1           11.7812369  -4.3209498  32.2640503
1           10.8749880  -3.0829911   0.0000000
1           11.7812369  -1.9664469   2.1509367
1           10.8749880  -3.0829911   4.3018734
1           11.7812369  -1.9664469   6.4528101
1           10.8749880  -3.0829911   8.6037468
1           11.7812369  -1.9664469  10.7546834
1           10.8749880  -3.0829911  12.9056201
1           11.7812369  -1.9664469  15.0565568
1           10.8749880  -3.0829911  17.2074935
1           11.7812369  -1.9664469  19.3584302
1           10.8749880  -3.0829911  21.5093669
1           11.7812369  -1.9664469  23.6603036
1           10.8749880  -3.0829911  25.8112403
1           11.7812369  -1.9664469  27.9621770
1           10.8749880  -3.0829911  30.1131136
1           11.7812369  -1.9664469  32.2640503
1           10.8749880  -0.7284883   0.0000000
1           11.7812369   0.3880559   2.1509367
1           10.8749880  -0.7284883   4.3018734
1           11.7812369   0.3880559   6.4528101
1           10.8749880  -0.7284883   8.6037468
1           11.7812369   0.3880559  10.7546834
1           10.8749880  -0.7284883  12.9056201
1           11.7812369   0.3880559  15.0565568
1           10.8749880  -0.7284883  17.2074935
1           11.7812369   0.3880559  19.3584302
1           10.8749880  -0.7284883  21.5093669
1           11.7812369   0.3880559  23.6603036
1           10.8749880  -0.7284883  25.8112403
1           11.7812369   0.3880559  27.9621770
1           10.8749880  -0.7284883  30.1131136
1           11.7812369   0.3880559  32.2640503
1           10.8749880   1.6260146   0.0000000
1           11.7812369   2.7425588   2.1509367
1           10.8749880   1.6260146   4.3018734
1           11.7812369   2.7425588   6.4528101
1           10.8749880   1.6260146   8.6037468
1           11.7812369   2.7425588  10.7546834
1           10.8749880   1.6260146  12.9056201
1           11.7812369   2.7425588  15.0565568
1           10.8749880   1.6260146  17.2074935
1           11.7812369   2.7425588  19.3584302
1           10.8749880   1.6260146  21.5093669
1           11.7812369   2.7425588  23.6603036
1           10.8749880   1.6260146  25.8112403
1           11.7812369   2.7425588  27.9621770
1           10.8749880   1.6260146  30.1131136
1           11.7812369   2.7425588  32.2640503
1           10.8749880   3.9805175   0.0000000
1           11.7812369   5.0970617   2.1509367
1           10.8749880   3.9805175   4.3018734
1           11.7812369   5.0970617   6.4528101
1           10.8749880   3.9805175   8.6037468
1           11.7812369   5.0970617  10.7546834
1           10.8749880   3.9805175  12.9056201
1           11.7812369   5.0970617  15.0565568
1           10.8749880   3.9805175  17.2074935
1           11.7812369   5.0970617  19.3584302
1           10.8749880   3.9805175  21.5093669
1           11.7812369   5.0970617  23.6603036
1           10.8749880   3.9805175  25.8112403
1           11.7812369   5.0970617  27.9621770
1           10.8749880   3.9805175  30.1131136
1           11.7812369   5.0970617  32.2640503
1           10.8749880   6.3350204   0.0000000
1           11.7812369   7.4515646   2.1509367
1           10.8749880   6.3350204   4.3018734
1           11.7812369   7.4515646   6.4528101
1           10.8749880   6.3350204   8.6037468
1           11.7812369   7.4515646  10.7546834
1           10.8749880   6.3350204  12.9056201
1           11.7812369   7.4515646  15.0565568
1           10.8749880   6.3350204  17.2074935
1           11.7812369   7.4515646  19.3584302
1           10.8749880   6.3350204  21.5093669
1           11.7812369   7.4515646  23.6603036
1           10.8749880   6.3350204  25.8112403
1           11.7812369   7.4515646  27.9621770
1           10.8749880   6.3350204  30.1131136
1           11.7812369   7.4515646  32.2640503
1           10.8749880   8.6895232   0.0000000
1           11.7812369   9.8060674   2.1509367
1           10.8749880   8.6895232   4.3018734
1           11.7812369   9.8060674   6.4528101
1           10.8749880   8.6895232   8.6037468
1           11.7812369   9.8060674  10.7546834
1           10.8749880   8.6895232  12.9056201
1           11.7812369   9.8060674  15.0565568
1           10.8749880   8.6895232  17.2074935
1           11.7812369   9.8060674  19.3584302
1           10.8749880   8.6895232  21.5093669
1           11.7812369   9.8060674  23.6603036
1           10.8749880   8.6895232  25.8112403
1           11.7812369   9.8060674  27.9621770
1           10.8749880   8.6895232  30.1131136
1           11.7812369   9.8060674  32.2640503
1           10.8749880  11.0440261   0.0000000
1           11.7812369  12.1605703   2.1509367
1           10.8749880  11.0440261   4.3018734
1           11.7812369  12.1605703   6.4528101
1           10.8749880  11.0440261   8.6037468
1           11.7812369  12.1605703  10.7546834
1           10.8749880  11.0440261  12.9056201
1           11.7812369  12.1605703  15.0565568
1           10.8749880  11.0440261  17.2074935
1           11.7812369  12.1605703  19.3584302
1           10.8749880  11.0440261  21.5093669
1           11.7812369  12.1605703  23.6603036
1           10.8749880  11.0440261  25.8112403
1           11.7812369  12.1605703  27.9621770
1           10.8749880  11.0440261  30.1131136
1           11.7812369  12.1605703  32.2640503
1           13.5937350  -6.7968675   0.0000000
1           14.4999839  -5.6803233   2.1509367
1           13.5937350  -6.7968675   4.3018734
1           14.4999839  -5.6803233   6.4528101
1           13.5937350  -6.7968675   8.6037468
1           14.4999839  -5.6803233  10.7546834
1           13.5937350  -6.7968675  12.9056201
1           14.4999839  -5.6803233  15.0565568
1           13.5937350  -6.7968675  17.2074935
1           14.4999839  -5.6803233  19.3584302
1           13.5937350  -6.7968675  21.5093669
1           14.4999839  -5.6803233  23.6603036
1           13.5937350  -6.7968675  25.8112403
1           14.4999839  -5.6803233  27.9621770
1           13.5937350  -6.7968675  30.1131136
1           14.4999839  -5.6803233  32.2640503
1           13.5937350  -4.4423646   0.0000000
1           14.4999839  -3.3258204   2.1509367
1           13.5937350  -4.4423646   4.3018734
1           14.4999839  -3.3258204   6.4528101
1           13.5937350  -4.4423646   8.6037468
1           14.4999839  -3.3258204  10.7546834
1           13.5937350  -4.4423646  12.9056201
1           14.4999839  -3.3258204  15.0565568
1           13.5937350  -4.4423646  17.2074935
1           14.4999839  -3.3258204  19.3584302
1           13.5937350  -4.4423646  21.5093669
1           14.4999839  -3.3258204  23.6603036
1           13.5937350  -4.4423646  25.8112403
1           14.4999839  -3.3258204  27.9621770
1           13.5937350  -4.4423646  30.1131136
1           14.4999839  -3.3258204  32.2640503
1           13.5937350  -2.0878618   0.0000000
1           14.4999839  -0.9713176   2.1509367
1           13.5937350  -2.0878618   4.3018734
1           14.4999839  -0.9713176   6.4528101
1           13.5937350  -2.0878618   8.6037468
1           14.4999839  -0.9713176  10.7546834
1           13.5937350  -2.0878618  12.9056201
1           14.4999839  -0.9713176  15.0565568
1           13.5937350  -2.0878618  17.2074935
1           14.4999839  -0.9713176  19.3584302
1           13.5937350  -2.0878618  21.5093669
1           14.4999839  -0.9713176  23.6603036
1           13.5937350  -2.0878618  25.8112403
1           14.4999839  -0.9713176  27.9621770
1           13.5937350  -2.0878618  30.1131136
1           14.4999839  -0.9713176  32.2640503
1           13.5937350   0.2666411   0.0000000
1           14.4999839   1.3831853   2.1509367
1           13.5937350   0.2666411   4.3018734
1           14.4999839   1.3831853   6.4528101
1           13.5937350   0.2666411   8.6037468
1           14.4999839   1.3831853  10.7546834
1           13.5937350   0.2666411  12.9056201
1           14.4999839   1.3831853  15.0565568
1           13.5937350   0.2666411  17.2074935
1           14.4999839   1.3831853  19.3584302
1           13.5937350   0.2666411  21.5093669
1           14.4999839   1.3831853  23.6603036
1           13.5937350   0.2666411  25.8112403
1           14.4999839   1.3831853  27.9621770
1           13.5937350   0.2666411  30.1131136
1           14.4999839   1.3831853  32.2640503
1           13.5937350   2.6211440   0.0000000
1           14.4999839   3.7376882   2.1509367
1           13.5937350   2.6211440   4.3018734
1           14.4999839   3.7376882   6.4528101
1           13.5937350   2.6211440   8.6037468
1           14.4999839   3.7376882  10.7546834
1           13.5937350   2.6211440  12.9056201
1           14.4999839   3.7376882  15.0565568
1           13.5937350   2.6211440  17.2074935
1           14.4999839   3.7376882  19.3584302
1           13.5937350   2.6211440  21.5093669
1           14.4999839   3.7376882  23.6603036
1           13.5937350   2.6211440  25.8112403
1           14.4999839   3.7376882  27.9621770
1           13.5937350   2.6211440  30.1131136
1           14.4999839   3.7376882  32.2640503
1           13.5937350   4.9756469   0.0000000
1           14.4999839   6.0921911   2.1509367
1           13.5937350   4.9756469   4.3018734
1           14.4999839   6.0921911   6.4528101
1           13.5937350   4.9756469   8.6037468
1           14.4999839   6.0921911  10.7546834
1           13.5937350   4.9756469  12.9056201
1           14.4999839   6.0921911  15.0565568
1           13.5937350   4.9756469  17.2074935
1           14.4999839   6.0921911  19.3584302
1           13.5937350   4.9756469  21.5093669
1           14.4999839   6.0921911  23.6603036
1           13.5937350   4.9756469  25.8112403
1           14.4999839   6.0921911  27.9621770
1           13.5937350   4.9756469  30.1131136
1           14.4999839   6.0921911  32.2640503
1           13.5937350   7.3301497   0.0000000
1           14.4999839   8.4466939   2.1509367
1           13.5937350   7.3301497   4.3018734
1           14.4999839   8.4466939   6.4528101
1           13.5937350   7.3301497   8.6037468
1           14.4999839   8.4466939  10.7546834
1           13.5937350   7.3301497  12.9056201
1           14.4999839   8.4466939  15.0565568
1           13.5937350   7.3301497  17.2074935
1           14.4999839   8.4466939  19.3584302
1           13.5937350   7.3301497  21.5093669
1           14.4999839   8.4466939  23.6603036
1           13.5937350   7.3301497  25.8112403
1           14.4999839   8.4466939  27.9621770
1           13.5937350   7.3301497  30.1131136
1           14.4999839   8.4466939  32.2640503
1           13.5937350   9.6846526   0.0000000
1           14.4999839  10.8011968   2.1509367
1           13.5937350   9.6846526   4.3018734
1           14.4999839  10.8011968   6.4528101
1           13.5937350   9.6846526   8.6037468
1           14.4999839  10.8011968  10.7546834
1           13.5937350   9.6846526  12.9056201
1           14.4999839  10.8011968  15.0565568
1           13.5937350   9.6846526  17.2074935
1           14.4999839  10.8011968  19.3584302
1           13.5937350   9.6846526  21.5093669
1           14.4999839  10.8011968  23.6603036
1           13.5937350   9.6846526  25.8112403
1           14.4999839  10.8011968  27.9621770
1           13.5937350   9.6846526  30.1131136
1           14.4999839  10.8011968  32.2640503
1           16.3124820  -8.1562410   0.0000000
1           17.2187309  -7.0396968   2.1509367
1           16.3124820  -8.1562410   4.3018734
1           17.2187309  -7.0396968   6.4528101
1           16.3124820  -8.1562410   8.6037468
1           17.2187309  -7.0396968  10.7546834
1           16.3124820  -8.1562410  12.9056201
1           17.2187309  -7.0396968  15.0565568
1           16.3124820  -8.1562410  17.2074935
1           17.2187309  -7.0396968  19.3584302
1           16.3124820  -8.1562410  21.5093669
1           17.2187309  -7.0396968  23.6603036
1           16.3124820  -8.1562410  25.8112403
1           17.2187309  -7.0396968  27.9621770
1           16.3124820  -8.1562410  30.1131136
1           17.2187309  -7.0396968  32.2640503
1           16.3124820  -5.8017381   0.0000000
1           17.2187309  -4.6851939   2.1509367
1           16.3124820  -5.8017381   4.3018734
1           17.2187309  -4.6851939   6.4528101
1           16.3124820  -5.8017381   8.6037468
1           17.2187309  -4.6851939  10.7546834
1           16.3124820  -5.8017381  12.9056201
1           17.2187309  -4.6851939  15.0565568
1           16.3124820  -5.8017381  17.2074935
1           17.2187309  -4.6851939  19.3584302
1           16.3124820  -5.8017381  21.5093669
1           17.2187309  -4.6851939  23.6603036
1           16.3124820  -5.8017381  25.8112403
1           17.2187309  -4.6851939  27.9621770
1           16.3124820  -5.8017381  30.1131136
1           17.2187309  -4.6851939  32.2640503
1           16.3124820  -3.4472353   0.0000000
1           17.2187309  -2.3306911   2.1509367
1           16.3124820  -3.4472353   4.3018734
1           17.2187309  -2.3306911   6.4528101
1           16.3124820  -3.4472353   8.6037468
1           17.2187309  -2.3306911  10.7546834
1           16.3124820  -3.4472353  12.9056201
1           17.2187309  -2.3306911  15.0565568
1           16.3124820  -3.4472353  17.2074935
1           17.2187309  -2.3306911  19.3584302
1           16.3124820  -3.4472353  21.5093669
1           17.2187309  -2.3306911  23.6603036
1           16.3124820  -3.4472353  25.8112403
1           17.2187309  -2.3306911  27.9621770
1           16.3124820  -3.4472353  30.1131136
1           17.2187309  -2.3306911  32.2640503
1           16.3124820  -1.0927324   0.0000000
1           17.2187309   0.0238118   2.1509367
1           16.3124820  -1.0927324   4.3018734
1           17.2187309   0.0238118   6.4528101
1           16.3124820  -1.0927324   8.6037468
1           17.2187309   0.0238118  10.7546834
1           16.3124820  -1.0927324  12.9056201
1           17.2187309   0.0238118  15.0565568
1           16.3124820  -1.0927324  17.2074935
1           17.2187309   0.0238118  19.3584302
1           16.3124820  -1.0927324  21.5093669
1           17.2187309   0.0238118  23.6603036
1           16.3124820  -1.0927324  25.8112403
1           17.2187309   0.0238118  27.9621770
1           16.3124820  -1.0927324  30.1131136
1           17.2187309   0.0238118  32.2640503
1           16.3124820   1.2617705   0.0000000
1           17.2187309   2.3783147   2.1509367
1           16.3124820   1.2617705   4.3018734
1           17.2187309   2.3783147   6.4528101
1           16.3124820   1.2617705   8.6037468
1           17.2187309   2.3783147  10.7546834
1           16.3124820   1.2617705  12.9056201
1           17.2187309   2.3783147  15.0565568
1           16.3124820   1.2617705  17.2074935
1           17.2187309   2.3783147  19.3584302
1           16.3124820   1.2617705  21.5093669
1           17.2187309   2.3783147  23.6603036
1           16.3124820   1.2617705  25.8112403
1           17.2187309   2.3783147  27.9621770
1           16.3124820   1.2617705  30.1131136
1           17.2187309   2.3783147  32.2640503
1           16.3124820   3.6162734   0.0000000
1           17.2187309   4.7328176   2.1509367
1           16.3124820   3.6162734   4.3018734
1           17.2187309   4.7328176   6.4528101
1           16.3124820   3.6162734   8.6037468
1           17.2187309   4.7328176  10.7546834
1           16.3124820   3.6162734  12.9056201
1           17.2187309   4.7328176  15.0565568
1           16.3124820   3.6162734  17.2074935
1           17.2187309   4.7328176  19.3584302
1           16.3124820   3.6162734  21.5093669
1           17.2187309   4.7328176  23.6603036
1           16.3124820   3.6162734  25.8112403
1           17.2187309   4.7328176  27.9621770
1           16.3124820   3.6162734  30.1131136
1           17.2187309   4.7328176  32.2640503
1           16.3124820   5.9707762   0.0000000
1           17.2187309   7.0873204   2.1509367
1           16.3124820   5.9707762   4.3018734
1           17.2187309   7.0873204   6.4528101
1           16.3124820   5.9707762   8.6037468
1           17.2187309   7.0873204  10.7546834
1           16.3124820   5.9707762  12.9056201
1           17.2187309   7.0873204  15.0565568
1           16.3124820   5.9707762  17.2074935
1           17.2187309   7.0873204  19.3584302
1           16.3124820   5.9707762  21.5093669
1           17.2187309   7.0873204  23.6603036
1           16.3124820   5.9707762  25.8112403
1           17.2187309   7.0873204  27.9621770
1           16.3124820   5.9707762  30.1131136
1           17.2187309   7.0873204  32.2640503
1           16.3124820   8.3252791   0.0000000
1           17.2187309   9.4418233   2.1509367
1           16.3124820   8.3252791   4.3018734
1           17.2187309   9.4418233   6.4528101
1           16.3124820   8.3252791   8.6037468
1           17.2187309   9.4418233  10.7546834
1           16.3124820   8.3252791  12.9056201
1           17.2187309   9.4418233  15.0565568
1           16.3124820   8.3252791  17.2074935
1           17.2187309   9.4418233  19.3584302
1           16.3124820   8.3252791  21.5093669
1           17.2187309   9.4418233  23.6603036
1           16.3124820   8.3252791  25.8112403
1           17.2187309   9.4418233  27.9621770
1           16.3124820   8.3252791  30.1131136
1           17.2187309   9.4418233  32.2640503
1           19.0312290  -9.5156145   0.0000000
1           19.9374779  -8.3990703   2.1509367
1           19.0312290  -9.5156145   4.3018734
1           19.9374779  -8.3990703   6.4528101
1           19.0312290  -9.5156145   8.6037468
1           19.9374779  -8.3990703  10.7546834
1           19.0312290  -9.5156145  12.9056201
1           19.9374779  -8.3990703  15.0565568
1           19.0312290  -9.5156145  17.2074935
1           19.9374779  -8.3990703  19.3584302
1           19.0312290  -9.5156145  21.5093669
1           19.9374779  -8.3990703  23.6603036
1           19.0312290  -9.5156145  25.8112403
1           19.9374779  -8.3990703  27.9621770
1           19.0312290  -9.5156145  30.1131136
1           19.9374779  -8.3990703  32.2640503
1           19.0312290  -7.1611116   0.0000000
1           19.9374779  -6.0445674   2.1509367
1           19.0312290  -7.1611116   4.3018734
1           19.9374779  -6.0445674   6.4528101
1           19.0312290  -7.1611116   8.6037468
1           19.9374779  -6.0445674  10.7546834
1           19.0312290  -7.1611116  12.9056201
1           19.9374779  -6.0445674  15.0565568
1           19.0312290  -7.1611116  17.2074935
1           19.9374779  -6.0445674  19.3584302
1           19.0312290  -7.1611116  21.5093669
1           19.9374779  -6.0445674  23.6603036
1           19.0312290  -7.1611116  25.8112403
1           19.9374779  -6.0445674  27.9621770
1           19.0312290  -7.1611116  30.1131136
1           19.9374779  -6.0445674  32.2640503
1           19.0312290  -4.8066088   0.0000000
1           19.9374779  -3.6900646   2.1509367
1           19.0312290  -4.8066088   4.3018734
1           19.9374779  -3.6900646   6.4528101
1           19.0312290  -4.8066088   8.6037468
1           19.9374779  -3.6900646  10.7546834
1           19.0312290  -4.8066088  12.9056201
1           19.9374779  -3.6900646  15.0565568
1           19.0312290  -4.8066088  17.2074935
1           19.9374779  -3.6900646  19.3584302
1           19.0312290  -4.8066088  21.5093669
1           19.9374779  -3.6900646  23.6603036
1           19.0312290  -4.8066088  25.8112403
1           19.9374779  -3.6900646  27.9621770
1           19.0312290  -4.8066088  30.1131136
1           19.9374779  -3.6900646  32.2640503
1           19.0312290  -2.4521059   0.0000000
1           19.9374779  -1.3355617   2.1509367
1           19.0312290  -2.4521059   4.3018734
1           19.9374779  -1.3355617   6.4528101
1           19.0312290  -2.4521059   8.6037468
1           19.9374779  -1.3355617  10.7546834
1           19.0312290  -2.4521059  12.9056201
1           19.9374779  -1.3355617  15.0565568
1           19.0312290  -2.4521059  17.2074935
1           19.9374779  -1.3355617  19.3584302
1           19.0312290  -2.4521059  21.5093669
1           19.9374779  -1.3355617  23.6603036
1           19.0312290  -2.4521059  25.8112403
1           19.9374779  -1.3355617  27.9621770
1           19.0312290  -2.4521059  30.1131136
1           19.9374779  -1.3355617  32.2640503
1           19.0312290  -0.0976030   0.0000000
1           19.9374779   1.0189412   2.1509367
1           19.0312290  -0.0976030   4.3018734
1           19.9374779   1.0189412   6.4528101
1           19.0312290  -0.0976030   8.6037468
1           19.9374779   1.0189412  10.7546834
1           19.0312290  -0.0976030  12.9056201
1           19.9374779   1.0189412  15.0565568
1           19.0312290  -0.0976030  17.2074935
1           19.9374779   1.0189412  19.3584302
1           19.0312290  -0.0976030  21.5093669
1           19.9374779   1.0189412  23.6603036
1           19.0312290  -0.0976030  25.8112403
1           19.9374779   1.0189412  27.9621770
1           19.0312290  -0.0976030  30.1131136
1           19.9374779   1.0189412  32.2640503
1           19.0312290   2.2568999   0.0000000
1           19.9374779   3.3734441   2.1509367
1           19.0312290   2.2568999   4.3018734
1           19.9374779   3.3734441   6.4528101
1           19.0312290   2.2568999   8.6037468
1           19.9374779   3.3734441  10.7546834
1           19.0312290   2.2568999  12.9056201
1           19.9374779   3.3734441  15.0565568
1           19.0312290   2.2568999  17.2074935
1           19.9374779   3.3734441  19.3584302
1           19.0312290   2.2568999  21.5093669
1           19.9374779   3.3734441  23.6603036
1           19.0312290   2.2568999  25.8112403
1           19.9374779   3.3734441  27.9621770
1           19.0312290   2.2568999  30.1131136
1           19.9374779   3.3734441  32.2640503
1           19.0312290   4.6114027   0.0000000
1           19.9374779   5.7279469   2.1509367
1           19.0312290   4.6114027   4.3018734
1           19.9374779   5.7279469   6.4528101
1           19.0312290   4.6114027   8.6037468
1           19.9374779   5.7279469  10.7546834
1           19.0312290   4.6114027  12.9056201
1           19.9374779   5.7279469  15.0565568
1           19.0312290   4.6114027  17.2074935
1           19.9374779   5.7279469  19.3584302
1           19.0312290   4.6114027  21.5093669
1           19.9374779   5.7279469  23.6603036
1           19.0312290   4.6114027  25.8112403
1           19.9374779   5.7279469  27.9621770
1           19.0312290   4.6114027  30.1131136
1           19.9374779   5.7279469  32.2640503
1           19.0312290   6.9659056   0.0000000
1           19.9374779   8.0824498   2.1509367
1           19.0312290   6.9659056   4.3018734
1           19.9374779   8.0824498   6.4528101
1           19.0312290   6.9659056   8.6037468
1           19.9374779   8.0824498  10.7546834
1           19.0312290   6.9659056  12.9056201
1           19.9374779   8.0824498  15.0565568
1           19.0312290   6.9659056  17.2074935
1           19.9374779   8.0824498  19.3584302
1           19.0312290   6.9659056  21.5093669
1           19.9374779   8.0824498  23.6603036
1           19.0312290   6.9659056  25.8112403
1           19.9374779   8.0824498  27.9621770
1           19.0312290   6.9659056  30.1131136
1           19.9374779   8.0824498  32.2640503
