Configuration:    1
       1    0.9559162771E+00    0.3672570068E+04   -0.8427647461E+03
       2    0.9659162771E+00    0.3789038818E+04   -0.8510305138E+03
       3    0.9759162771E+00    0.3907943359E+04   -0.8566036578E+03
       4    0.9859162771E+00    0.4029309814E+04   -0.8597590090E+03
       5    0.9959162771E+00    0.4153164551E+04   -0.8607491207E+03
       6    0.1005916277E+01    0.4279530273E+04   -0.8597958042E+03
       7    0.1015916277E+01    0.4408434082E+04   -0.8570862786E+03
       8    0.1025916277E+01    0.4539900391E+04   -0.8527761920E+03
       9    0.1035916277E+01    0.4673955078E+04   -0.8470471689E+03
