Configuration:    1
   1   -0.2700000000E+02    0.0000000000E+00   -0.1415211703E+04
   2   -0.2600000000E+02    0.3302913498E-14   -0.1362796454E+04
   3   -0.2500000000E+02    0.0000000000E+00   -0.1310381206E+04
   4   -0.2400000000E+02    0.3264749582E-14   -0.1257965958E+04
   5   -0.2300000000E+02    0.0000000000E+00   -0.1205550710E+04
   6   -0.2200000000E+02    0.3289035710E-14   -0.1153135461E+04
   7   -0.2300000000E+02    0.0000000000E+00   -0.1205550710E+04
   8   -0.2200000000E+02    0.3393119119E-14   -0.1153135461E+04
   9   -0.2300000000E+02    0.0000000000E+00   -0.1205550710E+04
  10   -0.2200000000E+02    0.3403527460E-14   -0.1153135461E+04
  11   -0.2300000000E+02    0.0000000000E+00   -0.1205550710E+04
  12   -0.2200000000E+02    0.3250871794E-14   -0.1153135461E+04
  13   -0.2100000000E+02    0.0000000000E+00   -0.1100720213E+04
  14   -0.2000000000E+02    0.3400058013E-14   -0.1048304965E+04
  15   -0.1900000000E+02    0.2574329638E-14   -0.9958897166E+03
  16   -0.1800000000E+02    0.0000000000E+00   -0.9434744684E+03
  17   -0.1700000000E+02    0.2223915496E-14   -0.8910592201E+03
  18   -0.2100000000E+02   -0.9714451465E-14   -0.1100720213E+04
  19   -0.1500000000E+02    0.0000000000E+00   -0.7862287236E+03
  20   -0.1900000000E+02   -0.9780370958E-14   -0.9958897166E+03
  21   -0.1300000000E+02   -0.2601217852E-14   -0.6813982272E+03
  22   -0.1700000000E+02   -0.4801714582E-14   -0.8910592201E+03
  23   -0.1300000000E+02    0.0000000000E+00   -0.6813982272E+03
  24   -0.1700000000E+02   -0.4819061816E-14   -0.8910592201E+03
  25   -0.1300000000E+02    0.2321927373E-14   -0.6813982272E+03
  26   -0.1700000000E+02   -0.7265021917E-14   -0.8910592201E+03
  27   -0.1300000000E+02    0.2338407246E-14   -0.6813982272E+03
  28   -0.1700000000E+02   -0.7306655281E-14   -0.8910592201E+03
  29   -0.1100000000E+02    0.4893654926E-14   -0.5765677307E+03
  30   -0.1500000000E+02   -0.9759554276E-14   -0.7862287236E+03
  31   -0.9000000000E+01    0.2407796185E-14   -0.4717372342E+03
  32   -0.1300000000E+02   -0.9860168237E-14   -0.6813982272E+03
  33   -0.1700000000E+02    0.2865763182E-14   -0.8910592201E+03
  34   -0.2100000000E+02    0.3302913498E-14   -0.1100720213E+04
  35   -0.1500000000E+02    0.3136380045E-14   -0.7862287236E+03
  36   -0.1900000000E+02    0.3261280135E-14   -0.9958897166E+03
  37   -0.1300000000E+02    0.0000000000E+00   -0.6813982272E+03
  38   -0.1700000000E+02    0.5960509863E-14   -0.8910592201E+03
  39   -0.1300000000E+02    0.0000000000E+00   -0.6813982272E+03
  40   -0.1700000000E+02    0.5877243137E-14   -0.8910592201E+03
  41   -0.1300000000E+02    0.0000000000E+00   -0.6813982272E+03
  42   -0.1700000000E+02    0.5856426455E-14   -0.8910592201E+03
  43   -0.1300000000E+02    0.0000000000E+00   -0.6813982272E+03
  44   -0.1700000000E+02    0.5981326545E-14   -0.8910592201E+03
  45   -0.1100000000E+02    0.3056582765E-14   -0.5765677307E+03
  46   -0.1500000000E+02    0.3205768984E-14   -0.7862287236E+03
  47   -0.9000000000E+01    0.3198830090E-14   -0.4717372342E+03
  48   -0.1300000000E+02    0.3306382945E-14   -0.6813982272E+03
  49   -0.1200000000E+02   -0.3086073064E-14   -0.6289829789E+03
  50   -0.1100000000E+02   -0.1533495553E-14   -0.5765677307E+03
  51   -0.1000000000E+02   -0.3261280135E-14   -0.5241524824E+03
  52   -0.9000000000E+01    0.0000000000E+00   -0.4717372342E+03
  53   -0.8000000000E+01   -0.3075664723E-14   -0.4193219859E+03
  54   -0.7000000000E+01   -0.1658395643E-14   -0.3669067377E+03
  55   -0.8000000000E+01   -0.3372302437E-14   -0.4193219859E+03
  56   -0.7000000000E+01   -0.4145989108E-14   -0.3669067377E+03
  57   -0.8000000000E+01   -0.3155462003E-14   -0.4193219859E+03
  58   -0.7000000000E+01   -0.4149458555E-14   -0.3669067377E+03
  59   -0.8000000000E+01   -0.3233524559E-14   -0.4193219859E+03
  60   -0.7000000000E+01   -0.4145989108E-14   -0.3669067377E+03
  61   -0.6000000000E+01   -0.3252606517E-14   -0.3144914895E+03
  62   -0.5000000000E+01   -0.4045375146E-14   -0.2620762412E+03
  63   -0.4000000000E+01   -0.3261280135E-14   -0.2096609930E+03
  64   -0.3000000000E+01   -0.1592476151E-14   -0.1572457447E+03
  65   -0.6000000000E+01    0.2470246230E-14   -0.3144914895E+03
  66   -0.1700000000E+02    0.3315923924E-14   -0.8910592201E+03
  67   -0.1600000000E+02    0.0000000000E+00   -0.8386439719E+03
  68   -0.3000000000E+01    0.3587408148E-14   -0.1572457447E+03
  69   -0.2000000000E+01    0.2352285033E-14   -0.1048304965E+03
  70   -0.1300000000E+02    0.3315923924E-14   -0.6813982272E+03
  71   -0.1400000000E+02    0.0000000000E+00   -0.7338134754E+03
  72   -0.1000000000E+01    0.3587408148E-14   -0.5241524824E+02
  73   -0.2000000000E+01    0.2317590564E-14   -0.1048304965E+03
  74   -0.1300000000E+02    0.3520621294E-14   -0.6813982272E+03
  75   -0.1400000000E+02    0.0000000000E+00   -0.7338134754E+03
  76   -0.1000000000E+01    0.3559652573E-14   -0.5241524824E+02
  77    0.7105427358E-14    0.2352285033E-14    0.1421085472E-13
  78   -0.1100000000E+02    0.3409598992E-14   -0.5765677307E+03
  79   -0.1000000000E+02    0.2558717127E-14   -0.5241524824E+03
  80    0.3000000000E+01    0.0000000000E+00    0.1572457447E+03
  81    0.4000000000E+01    0.0000000000E+00    0.2096609930E+03
  82   -0.1200000000E+02   -0.4787836794E-14   -0.6289829789E+03
  83   -0.6000000000E+01    0.0000000000E+00   -0.3144914895E+03
  84    0.2000000000E+01   -0.4895389649E-14    0.1048304965E+03
  85    0.8000000000E+01   -0.5099219658E-14    0.4193219859E+03
  86   -0.8000000000E+01    0.0000000000E+00   -0.4193219859E+03
  87   -0.4000000000E+01    0.0000000000E+00   -0.2096609930E+03
  88    0.4000000000E+01    0.0000000000E+00    0.2096609930E+03
  89    0.8000000000E+01    0.0000000000E+00    0.4193219859E+03
  90   -0.8000000000E+01   -0.2393918397E-14   -0.4193219859E+03
  91   -0.4000000000E+01    0.2393918397E-14   -0.2096609930E+03
  92    0.4000000000E+01   -0.2345346140E-14    0.2096609930E+03
  93    0.1000000000E+02    0.2360958651E-14    0.5241524824E+03
  94   -0.6000000000E+01   -0.4805184028E-14   -0.3144914895E+03
  95   -0.5329070518E-14    0.2407796185E-14    0.4263256415E-13
  96    0.8000000000E+01   -0.4801714582E-14    0.4193219859E+03
  97    0.4000000000E+01    0.0000000000E+00    0.2096609930E+03
  98   -0.1200000000E+02    0.5849487561E-14   -0.6289829789E+03
  99   -0.6000000000E+01    0.0000000000E+00   -0.3144914895E+03
 100    0.2000000000E+01    0.5842548667E-14    0.1048304965E+03
 101    0.8000000000E+01   -0.2126770982E-14    0.4193219859E+03
 102   -0.8000000000E+01    0.8361367154E-14   -0.4193219859E+03
 103   -0.4000000000E+01   -0.1533495553E-14   -0.2096609930E+03
 104    0.4000000000E+01    0.8389122730E-14    0.2096609930E+03
 105    0.8000000000E+01   -0.1887379142E-14    0.4193219859E+03
 106   -0.8000000000E+01    0.8118505868E-14   -0.4193219859E+03
 107   -0.4000000000E+01   -0.1575128916E-14   -0.2096609930E+03
 108    0.4000000000E+01    0.8479328351E-14    0.2096609930E+03
 109    0.1000000000E+02    0.0000000000E+00    0.5241524824E+03
 110   -0.6000000000E+01    0.5745404152E-14   -0.3144914895E+03
 111   -0.7105427358E-14    0.0000000000E+00    0.4263256415E-13
 112    0.8000000000E+01    0.6165207234E-14    0.4193219859E+03
 113    0.9000000000E+01   -0.3134645321E-14    0.4717372342E+03
 114   -0.2000000000E+01   -0.4156397448E-14   -0.1048304965E+03
 115   -0.1000000000E+01   -0.3427813589E-14   -0.5241524824E+02
 116    0.1200000000E+02    0.1078998002E-14    0.6289829789E+03
 117    0.1300000000E+02   -0.3186687025E-14    0.6813982272E+03
 118    0.2000000000E+01   -0.4225786387E-14    0.1048304965E+03
 119    0.1000000000E+01   -0.3511080315E-14    0.5241524824E+02
 120    0.1400000000E+02   -0.4007211230E-14    0.7338134754E+03
 121    0.1300000000E+02   -0.3387914949E-14    0.6813982272E+03
 122    0.2000000000E+01   -0.6689093723E-14    0.1048304965E+03
 123    0.1000000000E+01   -0.3483324740E-14    0.5241524824E+02
 124    0.1400000000E+02   -0.4028027911E-14    0.7338134754E+03
 125    0.1500000000E+02   -0.3259545411E-14    0.7862287236E+03
 126    0.4000000000E+01   -0.6682154829E-14    0.2096609930E+03
 127    0.5000000000E+01   -0.3372302437E-14    0.2620762412E+03
 128    0.1800000000E+02   -0.1453698273E-14    0.9434744684E+03
 129   -0.6000000000E+01    0.0000000000E+00   -0.3144914895E+03
 130   -0.1700000000E+02    0.3184084940E-14   -0.8910592201E+03
 131   -0.1600000000E+02    0.0000000000E+00   -0.8386439719E+03
 132   -0.3000000000E+01    0.3670674875E-14   -0.1572457447E+03
 133   -0.2000000000E+01    0.0000000000E+00   -0.1048304965E+03
 134   -0.1300000000E+02    0.3260412773E-14   -0.6813982272E+03
 135   -0.1400000000E+02    0.0000000000E+00   -0.7338134754E+03
 136   -0.1000000000E+01    0.3795574965E-14   -0.5241524824E+02
 137   -0.2000000000E+01    0.0000000000E+00   -0.1048304965E+03
 138   -0.1300000000E+02    0.3381843416E-14   -0.6813982272E+03
 139   -0.1400000000E+02    0.0000000000E+00   -0.7338134754E+03
 140   -0.1000000000E+01    0.3629041512E-14   -0.5241524824E+02
 141    0.3552713679E-14    0.0000000000E+00    0.1421085472E-13
 142   -0.1100000000E+02    0.3222248857E-14   -0.5765677307E+03
 143   -0.1000000000E+02    0.2589942150E-14   -0.5241524824E+03
 144    0.3000000000E+01    0.0000000000E+00    0.1572457447E+03
 145    0.4000000000E+01    0.4597017211E-14    0.2096609930E+03
 146   -0.1200000000E+02   -0.7306655281E-14   -0.6289829789E+03
 147   -0.6000000000E+01    0.2210037708E-14   -0.3144914895E+03
 148    0.2000000000E+01   -0.7355227538E-14    0.1048304965E+03
 149    0.8000000000E+01    0.0000000000E+00    0.4193219859E+03
 150   -0.8000000000E+01   -0.2324529458E-14   -0.4193219859E+03
 151   -0.4000000000E+01    0.2345346140E-14   -0.2096609930E+03
 152    0.4000000000E+01   -0.2373101715E-14    0.2096609930E+03
 153    0.8000000000E+01    0.4740131898E-14    0.4193219859E+03
 154   -0.8000000000E+01   -0.4843347945E-14   -0.4193219859E+03
 155   -0.4000000000E+01    0.4829470157E-14   -0.2096609930E+03
 156    0.4000000000E+01   -0.4850286839E-14    0.2096609930E+03
 157    0.1000000000E+02    0.7245939959E-14    0.5241524824E+03
 158   -0.6000000000E+01   -0.7351758091E-14   -0.3144914895E+03
 159    0.7105427358E-14    0.4891920202E-14    0.4263256415E-13
 160    0.8000000000E+01   -0.7261552470E-14    0.4193219859E+03
 161    0.4000000000E+01    0.0000000000E+00    0.2096609930E+03
 162   -0.1200000000E+02    0.5960509863E-14   -0.6289829789E+03
 163   -0.6000000000E+01    0.0000000000E+00   -0.3144914895E+03
 164    0.2000000000E+01    0.5696831895E-14    0.1048304965E+03
 165    0.8000000000E+01   -0.1871766631E-14    0.4193219859E+03
 166   -0.8000000000E+01    0.8437694987E-14   -0.4193219859E+03
 167   -0.4000000000E+01   -0.1568190022E-14   -0.2096609930E+03
 168    0.4000000000E+01    0.8111566974E-14    0.2096609930E+03
 169    0.8000000000E+01   -0.1698294283E-14    0.4193219859E+03
 170   -0.8000000000E+01    0.8305856003E-14   -0.4193219859E+03
 171   -0.4000000000E+01   -0.1706967900E-14   -0.2096609930E+03
 172    0.4000000000E+01    0.8305856003E-14    0.2096609930E+03
 173    0.1000000000E+02    0.0000000000E+00    0.5241524824E+03
 174   -0.6000000000E+01    0.5849487561E-14   -0.3144914895E+03
 175    0.5329070518E-14    0.0000000000E+00    0.4263256415E-13
 176    0.8000000000E+01    0.6033368249E-14    0.4193219859E+03
 177    0.9000000000E+01   -0.3367098267E-14    0.4717372342E+03
 178   -0.2000000000E+01   -0.4218847494E-14   -0.1048304965E+03
 179   -0.1000000000E+01   -0.3233524559E-14   -0.5241524824E+02
 180    0.1200000000E+02   -0.1342675970E-14    0.6289829789E+03
 181    0.1300000000E+02   -0.3433017759E-14    0.6813982272E+03
 182    0.2000000000E+01   -0.4246603069E-14    0.1048304965E+03
 183    0.1000000000E+01   -0.3455569164E-14    0.5241524824E+02
 184    0.1400000000E+02   -0.6418476861E-14    0.7338134754E+03
 185    0.1300000000E+02   -0.3523223380E-14    0.6813982272E+03
 186    0.2000000000E+01   -0.6709910405E-14    0.1048304965E+03
 187    0.1000000000E+01   -0.3302913498E-14    0.5241524824E+02
 188    0.1400000000E+02   -0.6473988012E-14    0.7338134754E+03
 189    0.1500000000E+02   -0.3436487206E-14    0.7862287236E+03
 190    0.4000000000E+01   -0.6689093723E-14    0.2096609930E+03
 191    0.5000000000E+01   -0.3191891196E-14    0.2620762412E+03
 192    0.1800000000E+02   -0.3847616670E-14    0.9434744684E+03
 193    0.3000000000E+01    0.0000000000E+00    0.1572457447E+03
 194    0.4000000000E+01    0.3397455928E-14    0.2096609930E+03
 195    0.5000000000E+01    0.2428612866E-14    0.2620762412E+03
 196    0.6000000000E+01    0.3573530361E-14    0.3144914895E+03
 197    0.7000000000E+01    0.0000000000E+00    0.3669067377E+03
 198    0.8000000000E+01    0.3251739156E-14    0.4193219859E+03
 199    0.7000000000E+01    0.2269018307E-14    0.3669067377E+03
 200    0.8000000000E+01    0.3601285936E-14    0.4193219859E+03
 201    0.7000000000E+01    0.0000000000E+00    0.3669067377E+03
 202    0.8000000000E+01    0.3409598992E-14    0.4193219859E+03
 203    0.7000000000E+01    0.2321060011E-14    0.3669067377E+03
 204    0.8000000000E+01    0.3462508058E-14    0.4193219859E+03
 205    0.9000000000E+01    0.0000000000E+00    0.4717372342E+03
 206    0.1000000000E+02    0.3432150397E-14    0.5241524824E+03
 207    0.1100000000E+02    0.5061055741E-14    0.5765677307E+03
 208    0.1200000000E+02    0.0000000000E+00    0.6289829789E+03
 209    0.1300000000E+02    0.7167877403E-14    0.6813982272E+03
 210    0.9000000000E+01   -0.9860168237E-14    0.4717372342E+03
 211    0.1500000000E+02    0.2355754480E-14    0.7862287236E+03
 212    0.1100000000E+02   -0.9880984919E-14    0.5765677307E+03
 213    0.1700000000E+02    0.2190088388E-14    0.8910592201E+03
 214    0.1300000000E+02   -0.4860695180E-14    0.6813982272E+03
 215    0.1700000000E+02    0.2391316312E-14    0.8910592201E+03
 216    0.1300000000E+02   -0.4796510411E-14    0.6813982272E+03
 217    0.1700000000E+02    0.7186091999E-14    0.8910592201E+03
 218    0.1300000000E+02   -0.7287573323E-14    0.6813982272E+03
 219    0.1700000000E+02    0.4858093094E-14    0.8910592201E+03
 220    0.1300000000E+02   -0.7358696985E-14    0.6813982272E+03
 221    0.1900000000E+02    0.9729196615E-14    0.9958897166E+03
 222    0.1500000000E+02   -0.9842821003E-14    0.7862287236E+03
 223    0.2100000000E+02    0.4997738334E-14    0.1100720213E+04
 224    0.1700000000E+02   -0.9804657086E-14    0.8910592201E+03
 225    0.1300000000E+02    0.3035766083E-14    0.6813982272E+03
 226    0.9000000000E+01    0.3337607968E-14    0.4717372342E+03
 227    0.1500000000E+02    0.3119032810E-14    0.7862287236E+03
 228    0.1100000000E+02    0.3060052212E-14    0.5765677307E+03
 229    0.1700000000E+02    0.0000000000E+00    0.8910592201E+03
 230    0.1300000000E+02    0.6149594722E-14    0.6813982272E+03
 231    0.1700000000E+02    0.0000000000E+00    0.8910592201E+03
 232    0.1300000000E+02    0.5653463808E-14    0.6813982272E+03
 233    0.1700000000E+02    0.0000000000E+00    0.8910592201E+03
 234    0.1300000000E+02    0.6000408503E-14    0.6813982272E+03
 235    0.1700000000E+02    0.0000000000E+00    0.8910592201E+03
 236    0.1300000000E+02    0.5770557643E-14    0.6813982272E+03
 237    0.1900000000E+02    0.3119032810E-14    0.9958897166E+03
 238    0.1500000000E+02    0.3328066989E-14    0.7862287236E+03
 239    0.2100000000E+02    0.3129441151E-14    0.1100720213E+04
 240    0.1700000000E+02    0.3206636345E-14    0.8910592201E+03
 241    0.1800000000E+02   -0.3250871794E-14    0.9434744684E+03
 242    0.1900000000E+02   -0.1360023205E-14    0.9958897166E+03
 243    0.2000000000E+02   -0.3160666173E-14    0.1048304965E+04
 244    0.2100000000E+02   -0.1270684946E-14    0.1100720213E+04
 245    0.2200000000E+02   -0.3271688476E-14    0.1153135461E+04
 246    0.2300000000E+02   -0.1557781681E-14    0.1205550710E+04
 247    0.2200000000E+02   -0.3372302437E-14    0.1153135461E+04
 248    0.2300000000E+02   -0.6342149028E-14    0.1205550710E+04
 249    0.2200000000E+02   -0.3337607968E-14    0.1153135461E+04
 250    0.2300000000E+02   -0.4045375146E-14    0.1205550710E+04
 251    0.2200000000E+02   -0.3233524559E-14    0.1153135461E+04
 252    0.2300000000E+02   -0.6411537967E-14    0.1205550710E+04
 253    0.2400000000E+02   -0.3406996907E-14    0.1257965958E+04
 254    0.2500000000E+02   -0.3864963904E-14    0.1310381206E+04
 255    0.2600000000E+02   -0.3115563363E-14    0.1362796454E+04
 256    0.2700000000E+02   -0.3781697178E-14    0.1415211703E+04
Configuration:    2
   1    0.1526262978E+00    0.1526262978E+00    0.1526262978E+00    0.0000000000E+00    0.0000000000E+00    0.0000000000E+00
   2   -0.1132105512E-01   -0.1132105512E-01    0.1931214387E+00    0.2571000000E-06    0.2571000000E-06    0.0000000000E+00
   3   -0.1132105512E-01    0.1931214387E+00   -0.1132105512E-01    0.2571000000E-06    0.0000000000E+00    0.2571000000E-06
   4    0.1931214387E+00   -0.1132105512E-01   -0.1132105512E-01    0.0000000000E+00    0.2571000000E-06    0.2571000000E-06
   5   -0.4104097669E-03    0.1724873875E+00    0.1724873875E+00    0.1542700000E-05    0.0000000000E+00    0.0000000000E+00
   6   -0.3883462891E-03   -0.1187422866E-01   -0.1187422866E-01   -0.1542700000E-05    0.2056900000E-05    0.2056900000E-05
   7   -0.1473596185E-06   -0.1215265207E-01    0.1926818007E+00    0.3599500000E-05   -0.3599500000E-05    0.0000000000E+00
   8   -0.1473596185E-06    0.1926818007E+00   -0.1215265207E-01    0.3599500000E-05    0.0000000000E+00   -0.3599500000E-05
   9    0.1724873875E+00    0.1724873875E+00   -0.4104097669E-03    0.0000000000E+00    0.0000000000E+00    0.1542700000E-05
  10   -0.1187422866E-01   -0.1187422866E-01   -0.3883462891E-03    0.2056900000E-05    0.2056900000E-05   -0.1542700000E-05
  11   -0.1215265207E-01    0.1926818007E+00   -0.1473596185E-06   -0.3599500000E-05    0.0000000000E+00    0.3599500000E-05
  12    0.1926818007E+00   -0.1215265207E-01   -0.1473596185E-06    0.0000000000E+00   -0.3599500000E-05    0.3599500000E-05
  13    0.1724929770E+00    0.1724929770E+00    0.1845813094E-05    0.0000000000E+00    0.0000000000E+00    0.0000000000E+00
  14   -0.1187423608E-01   -0.1187423608E-01    0.2314353728E-05   -0.3085300000E-05   -0.3085300000E-05    0.0000000000E+00
  15   -0.1215264917E-01    0.1926766834E+00    0.3972992166E-03   -0.3599500000E-05    0.0000000000E+00   -0.3599500000E-05
  16    0.1926766834E+00   -0.1215264917E-01    0.3972992166E-03    0.0000000000E+00   -0.3599500000E-05   -0.3599500000E-05
  17    0.1729022341E+00    0.1729022341E+00    0.1165636307E-01    0.0000000000E+00    0.0000000000E+00   -0.1542700000E-05
  18   -0.1104265075E-01   -0.1104265075E-01    0.1104278473E-01    0.2056900000E-05    0.2056900000E-05    0.1542700000E-05
  19   -0.1165621169E-01    0.1729022402E+00   -0.1729022410E+00    0.2571000000E-06    0.0000000000E+00   -0.2571000000E-06
  20    0.1729022402E+00   -0.1165621169E-01   -0.1729022410E+00    0.0000000000E+00    0.2571000000E-06   -0.2571000000E-06
  21    0.1724873875E+00   -0.4104097669E-03    0.1724873875E+00    0.0000000000E+00    0.1542700000E-05    0.0000000000E+00
  22   -0.1215265207E-01   -0.1473596185E-06    0.1926818007E+00   -0.3599500000E-05    0.3599500000E-05    0.0000000000E+00
  23   -0.1187422866E-01   -0.3883462891E-03   -0.1187422866E-01    0.2056900000E-05   -0.1542700000E-05    0.2056900000E-05
  24    0.1926818007E+00   -0.1473596185E-06   -0.1215265207E-01    0.0000000000E+00    0.3599500000E-05   -0.3599500000E-05
  25    0.1922314652E+00   -0.3993780280E-03   -0.3993780280E-03    0.0000000000E+00   -0.5142000000E-06   -0.5142000000E-06
  26   -0.1270582560E-01   -0.1529065729E-06   -0.3883462891E-03    0.2828200000E-05   -0.2056900000E-05   -0.2571000000E-06
  27   -0.1270582560E-01   -0.3883462891E-03   -0.1529065729E-06    0.2828200000E-05   -0.2571000000E-06   -0.2056900000E-05
  28    0.1922421626E+00   -0.1567651478E-06   -0.1567651477E-06    0.0000000000E+00   -0.1799800000E-05   -0.1799800000E-05
  29    0.1922370524E+00   -0.3993773896E-03    0.2075237748E-05    0.0000000000E+00   -0.3342400000E-05    0.0000000000E+00
  30   -0.1270583303E-01   -0.1529066450E-06    0.2309305828E-05    0.2828200000E-05   -0.1028400000E-05    0.0000000000E+00
  31   -0.1270582351E-01   -0.3883456507E-03    0.3860402419E-03    0.2828200000E-05   -0.2571000000E-06    0.2056900000E-05
  32    0.1922370456E+00   -0.1567651056E-06    0.3973044826E-03    0.0000000000E+00   -0.1799800000E-05    0.1799800000E-05
  33    0.1926764452E+00   -0.3993780280E-03    0.1215279931E-01    0.0000000000E+00   -0.5142000000E-06    0.5142000000E-06
  34   -0.1187424770E-01   -0.1435012537E-06    0.1187439109E-01    0.2828200000E-05   -0.2056900000E-05    0.2571000000E-06
  35   -0.1215264255E-01   -0.3993780280E-03   -0.1926764550E+00    0.2056900000E-05   -0.1542700000E-05   -0.2056900000E-05
  36    0.1724927380E+00   -0.1513753367E-06   -0.1724927388E+00    0.0000000000E+00    0.3599500000E-05    0.3599500000E-05
  37    0.1724929770E+00    0.1845813094E-05    0.1724929770E+00    0.0000000000E+00    0.0000000000E+00    0.0000000000E+00
  38   -0.1215264917E-01    0.3972992166E-03    0.1926766834E+00   -0.3599500000E-05   -0.3599500000E-05    0.0000000000E+00
  39   -0.1187423608E-01    0.2314353728E-05   -0.1187423608E-01   -0.3085300000E-05    0.0000000000E+00   -0.3085300000E-05
  40    0.1926766834E+00    0.3972992166E-03   -0.1215264917E-01    0.0000000000E+00   -0.3599500000E-05   -0.3599500000E-05
  41    0.1922370524E+00    0.2075237748E-05   -0.3993773896E-03    0.0000000000E+00    0.0000000000E+00   -0.3342400000E-05
  42   -0.1270582351E-01    0.3860402419E-03   -0.3883456507E-03    0.2828200000E-05    0.2056900000E-05   -0.2571000000E-06
  43   -0.1270583303E-01    0.2309305828E-05   -0.1529066450E-06    0.2828200000E-05    0.0000000000E+00   -0.1028400000E-05
  44    0.1922370456E+00    0.3973044826E-03   -0.1567651056E-06    0.0000000000E+00    0.1799800000E-05   -0.1799800000E-05
  45    0.1922426410E+00    0.2073797864E-05    0.2073797864E-05    0.0000000000E+00    0.0000000000E+00    0.0000000000E+00
  46   -0.1270583073E-01    0.3860404750E-03    0.2307980951E-05    0.2828200000E-05    0.1028400000E-05    0.0000000000E+00
  47   -0.1270583073E-01    0.2307980951E-05    0.3860404750E-03    0.2828200000E-05    0.0000000000E+00    0.1028400000E-05
  48    0.1922319288E+00    0.3973051691E-03    0.3973051691E-03    0.0000000000E+00    0.1799800000E-05    0.1799800000E-05
  49    0.1926820333E+00    0.2079593530E-05    0.1215280594E-01    0.0000000000E+00    0.0000000000E+00    0.3342400000E-05
  50   -0.1187424561E-01    0.3860349674E-03    0.1187438899E-01    0.2828200000E-05    0.2056900000E-05    0.2571000000E-06
  51   -0.1215264917E-01    0.2080162043E-05   -0.1926820426E+00   -0.3085300000E-05    0.0000000000E+00    0.3085300000E-05
  52    0.1724876215E+00    0.4085636231E-03   -0.1724876223E+00    0.0000000000E+00   -0.3599500000E-05    0.3599500000E-05
  53    0.1729022341E+00    0.1165636307E-01    0.1729022341E+00    0.0000000000E+00   -0.1542700000E-05    0.0000000000E+00
  54   -0.1165621169E-01   -0.1729022410E+00    0.1729022402E+00    0.2571000000E-06   -0.2571000000E-06    0.0000000000E+00
  55   -0.1104265075E-01    0.1104278473E-01   -0.1104265075E-01    0.2056900000E-05    0.1542700000E-05    0.2056900000E-05
  56    0.1729022402E+00   -0.1729022410E+00   -0.1165621169E-01    0.0000000000E+00   -0.2571000000E-06    0.2571000000E-06
  57    0.1926764452E+00    0.1215279931E-01   -0.3993780280E-03    0.0000000000E+00    0.5142000000E-06   -0.5142000000E-06
  58   -0.1215264255E-01   -0.1926764550E+00   -0.3993780280E-03    0.2056900000E-05   -0.2056900000E-05   -0.1542700000E-05
  59   -0.1187424770E-01    0.1187439109E-01   -0.1435012537E-06    0.2828200000E-05    0.2571000000E-06   -0.2056900000E-05
  60    0.1724927380E+00   -0.1724927388E+00   -0.1513753367E-06    0.0000000000E+00    0.3599500000E-05    0.3599500000E-05
  61    0.1926820333E+00    0.1215280594E-01    0.2079593530E-05    0.0000000000E+00    0.3342400000E-05    0.0000000000E+00
  62   -0.1215264917E-01   -0.1926820426E+00    0.2080162043E-05   -0.3085300000E-05    0.3085300000E-05    0.0000000000E+00
  63   -0.1187424561E-01    0.1187438899E-01    0.3860349674E-03    0.2828200000E-05    0.2571000000E-06    0.2056900000E-05
  64    0.1724876215E+00   -0.1724876223E+00    0.4085636231E-03    0.0000000000E+00    0.3599500000E-05   -0.3599500000E-05
  65    0.1931214251E+00    0.1132121200E-01    0.1132121200E-01    0.0000000000E+00    0.5142000000E-06    0.5142000000E-06
  66   -0.1132106464E-01   -0.1931214350E+00    0.1132120248E-01    0.2056900000E-05   -0.2056900000E-05    0.1542700000E-05
  67   -0.1132106464E-01    0.1132120248E-01   -0.1931214350E+00    0.2056900000E-05    0.1542700000E-05   -0.2056900000E-05
  68    0.1526262990E+00   -0.1526262981E+00   -0.1526262981E+00    0.0000000000E+00   -0.2571000000E-06   -0.2571000000E-06
  69   -0.3993780280E-03    0.1922314652E+00   -0.3993780280E-03   -0.5142000000E-06    0.0000000000E+00   -0.5142000000E-06
  70   -0.1529065729E-06   -0.1270582560E-01   -0.3883462891E-03   -0.2056900000E-05    0.2828200000E-05   -0.2571000000E-06
  71   -0.1567651478E-06    0.1922421626E+00   -0.1567651477E-06   -0.1799800000E-05    0.0000000000E+00   -0.1799800000E-05
  72   -0.3883462891E-03   -0.1270582560E-01   -0.1529065729E-06   -0.2571000000E-06    0.2828200000E-05   -0.2056900000E-05
  73   -0.3993773896E-03    0.1922370524E+00    0.2075237748E-05   -0.3342400000E-05    0.0000000000E+00    0.0000000000E+00
  74   -0.1529066450E-06   -0.1270583303E-01    0.2309305828E-05   -0.1028400000E-05    0.2828200000E-05    0.0000000000E+00
  75   -0.1567651055E-06    0.1922370456E+00    0.3973044826E-03   -0.1799800000E-05    0.0000000000E+00    0.1799800000E-05
  76   -0.3883456507E-03   -0.1270582351E-01    0.3860402419E-03   -0.2571000000E-06    0.2828200000E-05    0.2056900000E-05
  77   -0.3993780280E-03    0.1926764452E+00    0.1215279931E-01   -0.5142000000E-06    0.0000000000E+00    0.5142000000E-06
  78   -0.1435012537E-06   -0.1187424770E-01    0.1187439109E-01   -0.2056900000E-05    0.2828200000E-05    0.2571000000E-06
  79   -0.1513753367E-06    0.1724927380E+00   -0.1724927388E+00    0.3599500000E-05    0.0000000000E+00    0.3599500000E-05
  80   -0.3993780280E-03   -0.1215264255E-01   -0.1926764550E+00   -0.1542700000E-05    0.2056900000E-05   -0.2056900000E-05
  81   -0.3993780280E-03   -0.3993780280E-03    0.1922314652E+00   -0.5142000000E-06   -0.5142000000E-06    0.0000000000E+00
  82   -0.1567651477E-06   -0.1567651478E-06    0.1922421626E+00   -0.1799800000E-05   -0.1799800000E-05    0.0000000000E+00
  83   -0.1529065729E-06   -0.3883462891E-03   -0.1270582560E-01   -0.2056900000E-05   -0.2571000000E-06    0.2828200000E-05
  84   -0.3883462891E-03   -0.1529065729E-06   -0.1270582560E-01   -0.2571000000E-06   -0.2056900000E-05    0.2828200000E-05
  85   -0.3883462891E-03   -0.3883462891E-03   -0.3883462891E-03    0.2571000000E-06    0.2571000000E-06    0.2571000000E-06
  86   -0.1623121022E-06   -0.1623121022E-06   -0.3883462891E-03   -0.1542700000E-05   -0.1542700000E-05    0.1799800000E-05
  87   -0.1623121021E-06   -0.3883462891E-03   -0.1623121022E-06   -0.1542700000E-05    0.1799800000E-05   -0.1542700000E-05
  88   -0.3883462891E-03   -0.1623121022E-06   -0.1623121022E-06    0.1799800000E-05   -0.1542700000E-05   -0.1542700000E-05
  89   -0.3883456507E-03   -0.3883456507E-03    0.2303804589E-05    0.5142000000E-06    0.5142000000E-06    0.0000000000E+00
  90   -0.1623121743E-06   -0.1623121743E-06    0.2304257929E-05    0.3599500000E-05    0.3599500000E-05    0.0000000000E+00
  91   -0.1623120693E-06   -0.3883456507E-03    0.3860452898E-03   -0.1542700000E-05    0.1799800000E-05    0.1542700000E-05
  92   -0.3883456507E-03   -0.1623120693E-06    0.3860452898E-03    0.1799800000E-05   -0.1542700000E-05    0.1542700000E-05
  93   -0.3883462891E-03   -0.3883462891E-03    0.1270597839E-01    0.2571000000E-06    0.2571000000E-06   -0.2571000000E-06
  94   -0.1529067830E-06   -0.1529067829E-06    0.1270599744E-01   -0.1542700000E-05   -0.1542700000E-05   -0.1799800000E-05
  95   -0.1567650427E-06   -0.3993780280E-03   -0.1922368170E+00   -0.2056900000E-05   -0.2571000000E-06   -0.2828200000E-05
  96   -0.3993780280E-03   -0.1567650427E-06   -0.1922368170E+00   -0.2571000000E-06   -0.2056900000E-05   -0.2828200000E-05
  97   -0.3993773896E-03    0.2075237748E-05    0.1922370524E+00   -0.3342400000E-05    0.0000000000E+00    0.0000000000E+00
  98   -0.1567651055E-06    0.3973044826E-03    0.1922370456E+00   -0.1799800000E-05    0.1799800000E-05    0.0000000000E+00
  99   -0.1529066450E-06    0.2309305828E-05   -0.1270583303E-01   -0.1028400000E-05    0.0000000000E+00    0.2828200000E-05
 100   -0.3883456507E-03    0.3860402419E-03   -0.1270582351E-01   -0.2571000000E-06    0.2056900000E-05    0.2828200000E-05
 101   -0.3883456507E-03    0.2303804589E-05   -0.3883456507E-03    0.5142000000E-06    0.0000000000E+00    0.5142000000E-06
 102   -0.1623120693E-06    0.3860452898E-03   -0.3883456507E-03   -0.1542700000E-05    0.1542700000E-05    0.1799800000E-05
 103   -0.1623121742E-06    0.2304257929E-05   -0.1623121743E-06    0.3599500000E-05    0.0000000000E+00    0.3599500000E-05
 104   -0.3883456507E-03    0.3860452898E-03   -0.1623120693E-06    0.1799800000E-05    0.1542700000E-05   -0.1542700000E-05
 105   -0.3883450123E-03    0.2302167660E-05    0.2302167660E-05    0.4628000000E-05    0.0000000000E+00    0.0000000000E+00
 106   -0.1630552046E-06    0.3860460535E-03    0.2302402360E-05    0.3599500000E-05   -0.3599500000E-05    0.0000000000E+00
 107   -0.1630552045E-06    0.2302402360E-05    0.3860460535E-03    0.3599500000E-05    0.0000000000E+00   -0.3599500000E-05
 108   -0.3883450123E-03    0.3860467417E-03    0.3860467417E-03    0.1799800000E-05    0.1542700000E-05    0.1542700000E-05
 109   -0.3883456507E-03    0.2309079088E-05    0.1270598582E-01    0.5142000000E-06    0.0000000000E+00   -0.5142000000E-06
 110   -0.1529067500E-06    0.3860400153E-03    0.1270599535E-01   -0.1542700000E-05    0.1542700000E-05   -0.1799800000E-05
 111   -0.1567651055E-06    0.2074895991E-05   -0.1922424047E+00   -0.1028400000E-05    0.0000000000E+00   -0.2828200000E-05
 112   -0.3993773896E-03    0.3973041409E-03   -0.1922316994E+00   -0.2571000000E-06    0.2056900000E-05   -0.2828200000E-05
 113   -0.3993780280E-03    0.1215279931E-01    0.1926764452E+00   -0.5142000000E-06    0.5142000000E-06    0.0000000000E+00
 114   -0.1513753367E-06   -0.1724927388E+00    0.1724927380E+00    0.3599500000E-05    0.3599500000E-05    0.0000000000E+00
 115   -0.1435012537E-06    0.1187439109E-01   -0.1187424770E-01   -0.2056900000E-05    0.2571000000E-06    0.2828200000E-05
 116   -0.3993780280E-03   -0.1926764550E+00   -0.1215264255E-01   -0.1542700000E-05   -0.2056900000E-05    0.2056900000E-05
 117   -0.3883462891E-03    0.1270597839E-01   -0.3883462891E-03    0.2571000000E-06   -0.2571000000E-06    0.2571000000E-06
 118   -0.1567650428E-06   -0.1922368170E+00   -0.3993780280E-03   -0.2056900000E-05   -0.2828200000E-05   -0.2571000000E-06
 119   -0.1529067829E-06    0.1270599744E-01   -0.1529067829E-06   -0.1542700000E-05   -0.1799800000E-05   -0.1542700000E-05
 120   -0.3993780280E-03   -0.1922368170E+00   -0.1567650427E-06   -0.2571000000E-06   -0.2828200000E-05   -0.2056900000E-05
 121   -0.3883456507E-03    0.1270598582E-01    0.2309079088E-05    0.5142000000E-06   -0.5142000000E-06    0.0000000000E+00
 122   -0.1567651056E-06   -0.1922424047E+00    0.2074895991E-05   -0.1028400000E-05   -0.2828200000E-05    0.0000000000E+00
 123   -0.1529067501E-06    0.1270599535E-01    0.3860400153E-03   -0.1542700000E-05   -0.1799800000E-05    0.1542700000E-05
 124   -0.3993773896E-03   -0.1922316994E+00    0.3973041409E-03   -0.2571000000E-06   -0.2828200000E-05    0.2056900000E-05
 125   -0.3883462891E-03    0.1187439109E-01    0.1187439109E-01    0.2571000000E-06   -0.2571000000E-06   -0.2571000000E-06
 126   -0.1473597236E-06   -0.1926817969E+00    0.1215280883E-01   -0.2056900000E-05   -0.2828200000E-05    0.2571000000E-06
 127   -0.1473597235E-06    0.1215280883E-01   -0.1926817969E+00   -0.2056900000E-05    0.2571000000E-06   -0.2828200000E-05
 128   -0.4104097669E-03   -0.1724873894E+00   -0.1724873894E+00   -0.1542700000E-05   -0.2056900000E-05   -0.2056900000E-05
 129    0.1845813095E-05    0.1724929770E+00    0.1724929770E+00    0.0000000000E+00    0.0000000000E+00    0.0000000000E+00
 130    0.3972992166E-03   -0.1215264917E-01    0.1926766834E+00   -0.3599500000E-05   -0.3599500000E-05    0.0000000000E+00
 131    0.3972992166E-03    0.1926766834E+00   -0.1215264917E-01   -0.3599500000E-05    0.0000000000E+00   -0.3599500000E-05
 132    0.2314353728E-05   -0.1187423608E-01   -0.1187423608E-01    0.0000000000E+00   -0.3085300000E-05   -0.3085300000E-05
 133    0.2075237748E-05    0.1922370524E+00   -0.3993773896E-03    0.0000000000E+00    0.0000000000E+00   -0.3342400000E-05
 134    0.3860402419E-03   -0.1270582351E-01   -0.3883456507E-03    0.2056900000E-05    0.2828200000E-05   -0.2571000000E-06
 135    0.3973044826E-03    0.1922370456E+00   -0.1567651056E-06    0.1799800000E-05    0.0000000000E+00   -0.1799800000E-05
 136    0.2309305828E-05   -0.1270583303E-01   -0.1529066451E-06    0.0000000000E+00    0.2828200000E-05   -0.1028400000E-05
 137    0.2073797864E-05    0.1922426410E+00    0.2073797864E-05    0.0000000000E+00    0.0000000000E+00    0.0000000000E+00
 138    0.3860404750E-03   -0.1270583073E-01    0.2307980951E-05    0.1028400000E-05    0.2828200000E-05    0.0000000000E+00
 139    0.3973051691E-03    0.1922319288E+00    0.3973051691E-03    0.1799800000E-05    0.0000000000E+00    0.1799800000E-05
 140    0.2307980951E-05   -0.1270583073E-01    0.3860404750E-03    0.0000000000E+00    0.2828200000E-05    0.1028400000E-05
 141    0.2079593530E-05    0.1926820333E+00    0.1215280594E-01    0.0000000000E+00    0.0000000000E+00    0.3342400000E-05
 142    0.3860349674E-03   -0.1187424561E-01    0.1187438899E-01    0.2056900000E-05    0.2828200000E-05    0.2571000000E-06
 143    0.4085636231E-03    0.1724876215E+00   -0.1724876223E+00   -0.3599500000E-05    0.0000000000E+00    0.3599500000E-05
 144    0.2080162043E-05   -0.1215264917E-01   -0.1926820426E+00    0.0000000000E+00   -0.3085300000E-05    0.3085300000E-05
 145    0.2075237748E-05   -0.3993773896E-03    0.1922370524E+00    0.0000000000E+00   -0.3342400000E-05    0.0000000000E+00
 146    0.3973044826E-03   -0.1567651056E-06    0.1922370456E+00    0.1799800000E-05   -0.1799800000E-05    0.0000000000E+00
 147    0.3860402419E-03   -0.3883456507E-03   -0.1270582351E-01    0.2056900000E-05   -0.2571000000E-06    0.2828200000E-05
 148    0.2309305828E-05   -0.1529066451E-06   -0.1270583303E-01    0.0000000000E+00   -0.1028400000E-05    0.2828200000E-05
 149    0.2303804589E-05   -0.3883456507E-03   -0.3883456507E-03    0.0000000000E+00    0.5142000000E-06    0.5142000000E-06
 150    0.3860452898E-03   -0.1623120693E-06   -0.3883456507E-03    0.1542700000E-05   -0.1542700000E-05    0.1799800000E-05
 151    0.3860452898E-03   -0.3883456507E-03   -0.1623120693E-06    0.1542700000E-05    0.1799800000E-05   -0.1542700000E-05
 152    0.2304257929E-05   -0.1623121743E-06   -0.1623121743E-06    0.0000000000E+00    0.3599500000E-05    0.3599500000E-05
 153    0.2302167660E-05   -0.3883450123E-03    0.2302167660E-05    0.0000000000E+00    0.4628000000E-05    0.0000000000E+00
 154    0.3860460535E-03   -0.1630552046E-06    0.2302402360E-05   -0.3599500000E-05    0.3599500000E-05    0.0000000000E+00
 155    0.3860467417E-03   -0.3883450123E-03    0.3860467417E-03    0.1542700000E-05    0.1799800000E-05    0.1542700000E-05
 156    0.2302402360E-05   -0.1630552046E-06    0.3860460535E-03    0.0000000000E+00    0.3599500000E-05   -0.3599500000E-05
 157    0.2309079088E-05   -0.3883456507E-03    0.1270598582E-01    0.0000000000E+00    0.5142000000E-06   -0.5142000000E-06
 158    0.3860400153E-03   -0.1529067500E-06    0.1270599535E-01    0.1542700000E-05   -0.1542700000E-05   -0.1799800000E-05
 159    0.3973041409E-03   -0.3993773896E-03   -0.1922316994E+00    0.2056900000E-05   -0.2571000000E-06   -0.2828200000E-05
 160    0.2074895991E-05   -0.1567651056E-06   -0.1922424047E+00    0.0000000000E+00   -0.1028400000E-05   -0.2828200000E-05
 161    0.2073797864E-05    0.2073797864E-05    0.1922426410E+00    0.0000000000E+00    0.0000000000E+00    0.0000000000E+00
 162    0.3973051691E-03    0.3973051691E-03    0.1922319288E+00    0.1799800000E-05    0.1799800000E-05    0.0000000000E+00
 163    0.3860404750E-03    0.2307980951E-05   -0.1270583073E-01    0.1028400000E-05    0.0000000000E+00    0.2828200000E-05
 164    0.2307980951E-05    0.3860404750E-03   -0.1270583073E-01    0.0000000000E+00    0.1028400000E-05    0.2828200000E-05
 165    0.2302167660E-05    0.2302167660E-05   -0.3883450123E-03    0.0000000000E+00    0.0000000000E+00    0.4628000000E-05
 166    0.3860467417E-03    0.3860467417E-03   -0.3883450123E-03    0.1542700000E-05    0.1542700000E-05    0.1799800000E-05
 167    0.3860460535E-03    0.2302402360E-05   -0.1630552046E-06   -0.3599500000E-05    0.0000000000E+00    0.3599500000E-05
 168    0.2302402360E-05    0.3860460535E-03   -0.1630552046E-06    0.0000000000E+00   -0.3599500000E-05    0.3599500000E-05
 169    0.2300257223E-05    0.2300257223E-05    0.2300257223E-05    0.0000000000E+00    0.0000000000E+00    0.0000000000E+00
 170    0.3860480138E-03    0.3860480138E-03    0.2299803727E-05   -0.3599500000E-05   -0.3599500000E-05    0.0000000000E+00
 171    0.3860480138E-03    0.2299803727E-05    0.3860480138E-03   -0.3599500000E-05    0.0000000000E+00   -0.3599500000E-05
 172    0.2299803727E-05    0.3860480138E-03    0.3860480138E-03    0.0000000000E+00   -0.3599500000E-05   -0.3599500000E-05
 173    0.2308442407E-05    0.2308442407E-05    0.1270599378E-01    0.0000000000E+00    0.0000000000E+00   -0.4628000000E-05
 174    0.3860404670E-03    0.3860404670E-03    0.1270599378E-01    0.1542700000E-05    0.1542700000E-05   -0.1799800000E-05
 175    0.3973049424E-03    0.2073571123E-05   -0.1922372879E+00    0.1028400000E-05    0.0000000000E+00   -0.2828200000E-05
 176    0.2073571123E-05    0.3973049424E-03   -0.1922372879E+00    0.0000000000E+00    0.1028400000E-05   -0.2828200000E-05
 177    0.2079593530E-05    0.1215280594E-01    0.1926820333E+00    0.0000000000E+00    0.3342400000E-05    0.0000000000E+00
 178    0.4085636231E-03   -0.1724876223E+00    0.1724876215E+00   -0.3599500000E-05    0.3599500000E-05    0.0000000000E+00
 179    0.3860349674E-03    0.1187438899E-01   -0.1187424561E-01    0.2056900000E-05    0.2571000000E-06    0.2828200000E-05
 180    0.2080162043E-05   -0.1926820426E+00   -0.1215264917E-01    0.0000000000E+00    0.3085300000E-05   -0.3085300000E-05
 181    0.2309079088E-05    0.1270598582E-01   -0.3883456507E-03    0.0000000000E+00   -0.5142000000E-06    0.5142000000E-06
 182    0.3973041409E-03   -0.1922316994E+00   -0.3993773896E-03    0.2056900000E-05   -0.2828200000E-05   -0.2571000000E-06
 183    0.3860400153E-03    0.1270599535E-01   -0.1529067500E-06    0.1542700000E-05   -0.1799800000E-05   -0.1542700000E-05
 184    0.2074895991E-05   -0.1922424047E+00   -0.1567651056E-06    0.0000000000E+00   -0.2828200000E-05   -0.1028400000E-05
 185    0.2308442407E-05    0.1270599378E-01    0.2308442407E-05    0.0000000000E+00   -0.4628000000E-05    0.0000000000E+00
 186    0.3973049424E-03   -0.1922372879E+00    0.2073571123E-05    0.1028400000E-05   -0.2828200000E-05    0.0000000000E+00
 187    0.3860404670E-03    0.1270599378E-01    0.3860404670E-03    0.1542700000E-05   -0.1799800000E-05    0.1542700000E-05
 188    0.2073571123E-05   -0.1922372879E+00    0.3973049424E-03    0.0000000000E+00   -0.2828200000E-05    0.1028400000E-05
 189    0.2314353587E-05    0.1187439851E-01    0.1187439851E-01    0.0000000000E+00   -0.5142000000E-06   -0.5142000000E-06
 190    0.3972997851E-03   -0.1926766802E+00    0.1215280594E-01    0.2056900000E-05   -0.2828200000E-05    0.2571000000E-06
 191    0.3972997851E-03    0.1215280594E-01   -0.1926766802E+00    0.2056900000E-05    0.2571000000E-06   -0.2828200000E-05
 192    0.1845813110E-05   -0.1724929790E+00   -0.1724929790E+00    0.0000000000E+00    0.3085300000E-05    0.3085300000E-05
 193    0.1165636307E-01    0.1729022341E+00    0.1729022341E+00   -0.1542700000E-05    0.0000000000E+00    0.0000000000E+00
 194   -0.1729022410E+00   -0.1165621169E-01    0.1729022402E+00   -0.2571000000E-06    0.2571000000E-06    0.0000000000E+00
 195   -0.1729022410E+00    0.1729022402E+00   -0.1165621169E-01   -0.2571000000E-06    0.0000000000E+00    0.2571000000E-06
 196    0.1104278473E-01   -0.1104265075E-01   -0.1104265075E-01    0.1542700000E-05    0.2056900000E-05    0.2056900000E-05
 197    0.1215279931E-01    0.1926764452E+00   -0.3993780280E-03    0.5142000000E-06    0.0000000000E+00   -0.5142000000E-06
 198   -0.1926764550E+00   -0.1215264255E-01   -0.3993780280E-03   -0.2056900000E-05    0.2056900000E-05   -0.1542700000E-05
 199   -0.1724927388E+00    0.1724927380E+00   -0.1513753367E-06    0.3599500000E-05    0.0000000000E+00    0.3599500000E-05
 200    0.1187439109E-01   -0.1187424770E-01   -0.1435012537E-06    0.2571000000E-06    0.2828200000E-05   -0.2056900000E-05
 201    0.1215280594E-01    0.1926820333E+00    0.2079593530E-05    0.3342400000E-05    0.0000000000E+00    0.0000000000E+00
 202   -0.1926820426E+00   -0.1215264917E-01    0.2080162043E-05    0.3085300000E-05   -0.3085300000E-05    0.0000000000E+00
 203   -0.1724876223E+00    0.1724876215E+00    0.4085636231E-03    0.3599500000E-05    0.0000000000E+00   -0.3599500000E-05
 204    0.1187438899E-01   -0.1187424561E-01    0.3860349674E-03    0.2571000000E-06    0.2828200000E-05    0.2056900000E-05
 205    0.1132121200E-01    0.1931214251E+00    0.1132121200E-01    0.5142000000E-06    0.0000000000E+00    0.5142000000E-06
 206   -0.1931214350E+00   -0.1132106464E-01    0.1132120248E-01   -0.2056900000E-05    0.2056900000E-05    0.1542700000E-05
 207   -0.1526262981E+00    0.1526262990E+00   -0.1526262981E+00   -0.2571000000E-06    0.0000000000E+00   -0.2571000000E-06
 208    0.1132120248E-01   -0.1132106464E-01   -0.1931214350E+00    0.1542700000E-05    0.2056900000E-05   -0.2056900000E-05
 209    0.1215279931E-01   -0.3993780280E-03    0.1926764452E+00    0.5142000000E-06   -0.5142000000E-06    0.0000000000E+00
 210   -0.1724927388E+00   -0.1513753367E-06    0.1724927380E+00    0.3599500000E-05    0.3599500000E-05    0.0000000000E+00
 211   -0.1926764550E+00   -0.3993780280E-03   -0.1215264255E-01   -0.2056900000E-05   -0.1542700000E-05    0.2056900000E-05
 212    0.1187439109E-01   -0.1435012537E-06   -0.1187424770E-01    0.2571000000E-06   -0.2056900000E-05    0.2828200000E-05
 213    0.1270597839E-01   -0.3883462891E-03   -0.3883462891E-03   -0.2571000000E-06    0.2571000000E-06    0.2571000000E-06
 214   -0.1922368170E+00   -0.1567650427E-06   -0.3993780280E-03   -0.2828200000E-05   -0.2056900000E-05   -0.2571000000E-06
 215   -0.1922368170E+00   -0.3993780280E-03   -0.1567650427E-06   -0.2828200000E-05   -0.2571000000E-06   -0.2056900000E-05
 216    0.1270599744E-01   -0.1529067829E-06   -0.1529067829E-06   -0.1799800000E-05   -0.1542700000E-05   -0.1542700000E-05
 217    0.1270598582E-01   -0.3883456507E-03    0.2309079088E-05   -0.5142000000E-06    0.5142000000E-06    0.0000000000E+00
 218   -0.1922424047E+00   -0.1567651056E-06    0.2074895991E-05   -0.2828200000E-05   -0.1028400000E-05    0.0000000000E+00
 219   -0.1922316994E+00   -0.3993773896E-03    0.3973041409E-03   -0.2828200000E-05   -0.2571000000E-06    0.2056900000E-05
 220    0.1270599535E-01   -0.1529067501E-06    0.3860400153E-03   -0.1799800000E-05   -0.1542700000E-05    0.1542700000E-05
 221    0.1187439109E-01   -0.3883462891E-03    0.1187439109E-01   -0.2571000000E-06    0.2571000000E-06   -0.2571000000E-06
 222   -0.1926817969E+00   -0.1473597235E-06    0.1215280883E-01   -0.2828200000E-05   -0.2056900000E-05    0.2571000000E-06
 223   -0.1724873894E+00   -0.4104097669E-03   -0.1724873894E+00   -0.2056900000E-05   -0.1542700000E-05   -0.2056900000E-05
 224    0.1215280883E-01   -0.1473597235E-06   -0.1926817969E+00    0.2571000000E-06   -0.2056900000E-05   -0.2828200000E-05
 225    0.1215280594E-01    0.2079593530E-05    0.1926820333E+00    0.3342400000E-05    0.0000000000E+00    0.0000000000E+00
 226   -0.1724876223E+00    0.4085636231E-03    0.1724876215E+00    0.3599500000E-05   -0.3599500000E-05    0.0000000000E+00
 227   -0.1926820426E+00    0.2080162043E-05   -0.1215264917E-01    0.3085300000E-05    0.0000000000E+00   -0.3085300000E-05
 228    0.1187438899E-01    0.3860349674E-03   -0.1187424561E-01    0.2571000000E-06    0.2056900000E-05    0.2828200000E-05
 229    0.1270598582E-01    0.2309079088E-05   -0.3883456507E-03   -0.5142000000E-06    0.0000000000E+00    0.5142000000E-06
 230   -0.1922316994E+00    0.3973041409E-03   -0.3993773896E-03   -0.2828200000E-05    0.2056900000E-05   -0.2571000000E-06
 231   -0.1922424047E+00    0.2074895991E-05   -0.1567651056E-06   -0.2828200000E-05    0.0000000000E+00   -0.1028400000E-05
 232    0.1270599535E-01    0.3860400153E-03   -0.1529067501E-06   -0.1799800000E-05    0.1542700000E-05   -0.1542700000E-05
 233    0.1270599378E-01    0.2308442407E-05    0.2308442407E-05   -0.4628000000E-05    0.0000000000E+00    0.0000000000E+00
 234   -0.1922372879E+00    0.3973049424E-03    0.2073571123E-05   -0.2828200000E-05    0.1028400000E-05    0.0000000000E+00
 235   -0.1922372879E+00    0.2073571123E-05    0.3973049424E-03   -0.2828200000E-05    0.0000000000E+00    0.1028400000E-05
 236    0.1270599378E-01    0.3860404670E-03    0.3860404670E-03   -0.1799800000E-05    0.1542700000E-05    0.1542700000E-05
 237    0.1187439851E-01    0.2314353587E-05    0.1187439851E-01   -0.5142000000E-06    0.0000000000E+00   -0.5142000000E-06
 238   -0.1926766802E+00    0.3972997851E-03    0.1215280594E-01   -0.2828200000E-05    0.2056900000E-05    0.2571000000E-06
 239   -0.1724929790E+00    0.1845813110E-05   -0.1724929790E+00    0.3085300000E-05    0.0000000000E+00    0.3085300000E-05
 240    0.1215280594E-01    0.3972997851E-03   -0.1926766802E+00    0.2571000000E-06    0.2056900000E-05   -0.2828200000E-05
 241    0.1132121200E-01    0.1132121200E-01    0.1931214251E+00    0.5142000000E-06    0.5142000000E-06    0.0000000000E+00
 242   -0.1526262981E+00   -0.1526262981E+00    0.1526262990E+00   -0.2571000000E-06   -0.2571000000E-06    0.0000000000E+00
 243   -0.1931214350E+00    0.1132120248E-01   -0.1132106464E-01   -0.2056900000E-05    0.1542700000E-05    0.2056900000E-05
 244    0.1132120248E-01   -0.1931214350E+00   -0.1132106464E-01    0.1542700000E-05   -0.2056900000E-05    0.2056900000E-05
 245    0.1187439109E-01    0.1187439109E-01   -0.3883462891E-03   -0.2571000000E-06   -0.2571000000E-06    0.2571000000E-06
 246   -0.1724873894E+00   -0.1724873894E+00   -0.4104097669E-03   -0.2056900000E-05   -0.2056900000E-05   -0.1542700000E-05
 247   -0.1926817969E+00    0.1215280883E-01   -0.1473597235E-06   -0.2828200000E-05    0.2571000000E-06   -0.2056900000E-05
 248    0.1215280883E-01   -0.1926817969E+00   -0.1473597235E-06    0.2571000000E-06   -0.2828200000E-05   -0.2056900000E-05
 249    0.1187439851E-01    0.1187439851E-01    0.2314353587E-05   -0.5142000000E-06   -0.5142000000E-06    0.0000000000E+00
 250   -0.1724929790E+00   -0.1724929790E+00    0.1845813110E-05    0.3085300000E-05    0.3085300000E-05    0.0000000000E+00
 251   -0.1926766802E+00    0.1215280594E-01    0.3972997851E-03   -0.2828200000E-05    0.2571000000E-06    0.2056900000E-05
 252    0.1215280594E-01   -0.1926766802E+00    0.3972997851E-03    0.2571000000E-06   -0.2828200000E-05    0.2056900000E-05
 253    0.1104280378E-01    0.1104280378E-01    0.1104280378E-01   -0.2571000000E-06   -0.2571000000E-06   -0.2571000000E-06
 254   -0.1729022360E+00   -0.1729022360E+00    0.1165636307E-01   -0.2056900000E-05   -0.2056900000E-05    0.1542700000E-05
 255   -0.1729022360E+00    0.1165636307E-01   -0.1729022360E+00   -0.2056900000E-05    0.1542700000E-05   -0.2056900000E-05
 256    0.1165636307E-01   -0.1729022360E+00   -0.1729022360E+00    0.1542700000E-05   -0.2056900000E-05   -0.2056900000E-05
Configuration:    3
   1    0.1526262978E+00    0.1526262978E+00    0.1526262978E+00    0.0000000000E+00    0.0000000000E+00    0.0000000000E+00
   2   -0.1132105512E-01   -0.1132105512E-01    0.1931214387E+00    0.2571000000E-06    0.2571000000E-06    0.0000000000E+00
   3   -0.1132105512E-01    0.1931214387E+00   -0.1132105512E-01    0.2571000000E-06    0.0000000000E+00    0.2571000000E-06
   4    0.1931214387E+00   -0.1132105512E-01   -0.1132105512E-01    0.0000000000E+00    0.2571000000E-06    0.2571000000E-06
   5   -0.4104097669E-03    0.1724873875E+00    0.1724873875E+00    0.1542700000E-05    0.0000000000E+00    0.0000000000E+00
   6   -0.3883462891E-03   -0.1187422866E-01   -0.1187422866E-01   -0.1542700000E-05    0.2056900000E-05    0.2056900000E-05
   7   -0.1473596185E-06   -0.1215265207E-01    0.1926818007E+00    0.3599500000E-05   -0.3599500000E-05    0.0000000000E+00
   8   -0.1473596185E-06    0.1926818007E+00   -0.1215265207E-01    0.3599500000E-05    0.0000000000E+00   -0.3599500000E-05
   9    0.1724873875E+00    0.1724873875E+00   -0.4104097669E-03    0.0000000000E+00    0.0000000000E+00    0.1542700000E-05
  10   -0.1187422866E-01   -0.1187422866E-01   -0.3883462891E-03    0.2056900000E-05    0.2056900000E-05   -0.1542700000E-05
  11   -0.1215265207E-01    0.1926818007E+00   -0.1473596185E-06   -0.3599500000E-05    0.0000000000E+00    0.3599500000E-05
  12    0.1926818007E+00   -0.1215265207E-01   -0.1473596185E-06    0.0000000000E+00   -0.3599500000E-05    0.3599500000E-05
  13    0.1724929770E+00    0.1724929770E+00    0.1845813094E-05    0.0000000000E+00    0.0000000000E+00    0.0000000000E+00
  14   -0.1187423608E-01   -0.1187423608E-01    0.2314353728E-05   -0.3085300000E-05   -0.3085300000E-05    0.0000000000E+00
  15   -0.1215264917E-01    0.1926766834E+00    0.3972992166E-03   -0.3599500000E-05    0.0000000000E+00   -0.3599500000E-05
  16    0.1926766834E+00   -0.1215264917E-01    0.3972992166E-03    0.0000000000E+00   -0.3599500000E-05   -0.3599500000E-05
  17    0.1729022341E+00    0.1729022341E+00    0.1165636307E-01    0.0000000000E+00    0.0000000000E+00   -0.1542700000E-05
  18   -0.1104265075E-01   -0.1104265075E-01    0.1104278473E-01    0.2056900000E-05    0.2056900000E-05    0.1542700000E-05
  19   -0.1165621169E-01    0.1729022402E+00   -0.1729022410E+00    0.2571000000E-06    0.0000000000E+00   -0.2571000000E-06
  20    0.1729022402E+00   -0.1165621169E-01   -0.1729022410E+00    0.0000000000E+00    0.2571000000E-06   -0.2571000000E-06
  21    0.1724873875E+00   -0.4104097669E-03    0.1724873875E+00    0.0000000000E+00    0.1542700000E-05    0.0000000000E+00
  22   -0.1215265207E-01   -0.1473596185E-06    0.1926818007E+00   -0.3599500000E-05    0.3599500000E-05    0.0000000000E+00
  23   -0.1187422866E-01   -0.3883462891E-03   -0.1187422866E-01    0.2056900000E-05   -0.1542700000E-05    0.2056900000E-05
  24    0.1926818007E+00   -0.1473596185E-06   -0.1215265207E-01    0.0000000000E+00    0.3599500000E-05   -0.3599500000E-05
  25    0.1922314652E+00   -0.3993780280E-03   -0.3993780280E-03    0.0000000000E+00   -0.5142000000E-06   -0.5142000000E-06
  26   -0.1270582560E-01   -0.1529065729E-06   -0.3883462891E-03    0.2828200000E-05   -0.2056900000E-05   -0.2571000000E-06
  27   -0.1270582560E-01   -0.3883462891E-03   -0.1529065729E-06    0.2828200000E-05   -0.2571000000E-06   -0.2056900000E-05
  28    0.1922421626E+00   -0.1567651478E-06   -0.1567651477E-06    0.0000000000E+00   -0.1799800000E-05   -0.1799800000E-05
  29    0.1922370524E+00   -0.3993773896E-03    0.2075237748E-05    0.0000000000E+00   -0.3342400000E-05    0.0000000000E+00
  30   -0.1270583303E-01   -0.1529066450E-06    0.2309305828E-05    0.2828200000E-05   -0.1028400000E-05    0.0000000000E+00
  31   -0.1270582351E-01   -0.3883456507E-03    0.3860402419E-03    0.2828200000E-05   -0.2571000000E-06    0.2056900000E-05
  32    0.1922370456E+00   -0.1567651056E-06    0.3973044826E-03    0.0000000000E+00   -0.1799800000E-05    0.1799800000E-05
  33    0.1926764452E+00   -0.3993780280E-03    0.1215279931E-01    0.0000000000E+00   -0.5142000000E-06    0.5142000000E-06
  34   -0.1187424770E-01   -0.1435012537E-06    0.1187439109E-01    0.2828200000E-05   -0.2056900000E-05    0.2571000000E-06
  35   -0.1215264255E-01   -0.3993780280E-03   -0.1926764550E+00    0.2056900000E-05   -0.1542700000E-05   -0.2056900000E-05
  36    0.1724927380E+00   -0.1513753367E-06   -0.1724927388E+00    0.0000000000E+00    0.3599500000E-05    0.3599500000E-05
  37    0.1724929770E+00    0.1845813094E-05    0.1724929770E+00    0.0000000000E+00    0.0000000000E+00    0.0000000000E+00
  38   -0.1215264917E-01    0.3972992166E-03    0.1926766834E+00   -0.3599500000E-05   -0.3599500000E-05    0.0000000000E+00
  39   -0.1187423608E-01    0.2314353728E-05   -0.1187423608E-01   -0.3085300000E-05    0.0000000000E+00   -0.3085300000E-05
  40    0.1926766834E+00    0.3972992166E-03   -0.1215264917E-01    0.0000000000E+00   -0.3599500000E-05   -0.3599500000E-05
  41    0.1922370524E+00    0.2075237748E-05   -0.3993773896E-03    0.0000000000E+00    0.0000000000E+00   -0.3342400000E-05
  42   -0.1270582351E-01    0.3860402419E-03   -0.3883456507E-03    0.2828200000E-05    0.2056900000E-05   -0.2571000000E-06
  43   -0.1270583303E-01    0.2309305828E-05   -0.1529066450E-06    0.2828200000E-05    0.0000000000E+00   -0.1028400000E-05
  44    0.1922370456E+00    0.3973044826E-03   -0.1567651056E-06    0.0000000000E+00    0.1799800000E-05   -0.1799800000E-05
  45    0.1922426410E+00    0.2073797864E-05    0.2073797864E-05    0.0000000000E+00    0.0000000000E+00    0.0000000000E+00
  46   -0.1270583073E-01    0.3860404750E-03    0.2307980951E-05    0.2828200000E-05    0.1028400000E-05    0.0000000000E+00
  47   -0.1270583073E-01    0.2307980951E-05    0.3860404750E-03    0.2828200000E-05    0.0000000000E+00    0.1028400000E-05
  48    0.1922319288E+00    0.3973051691E-03    0.3973051691E-03    0.0000000000E+00    0.1799800000E-05    0.1799800000E-05
  49    0.1926820333E+00    0.2079593530E-05    0.1215280594E-01    0.0000000000E+00    0.0000000000E+00    0.3342400000E-05
  50   -0.1187424561E-01    0.3860349674E-03    0.1187438899E-01    0.2828200000E-05    0.2056900000E-05    0.2571000000E-06
  51   -0.1215264917E-01    0.2080162043E-05   -0.1926820426E+00   -0.3085300000E-05    0.0000000000E+00    0.3085300000E-05
  52    0.1724876215E+00    0.4085636231E-03   -0.1724876223E+00    0.0000000000E+00   -0.3599500000E-05    0.3599500000E-05
  53    0.1729022341E+00    0.1165636307E-01    0.1729022341E+00    0.0000000000E+00   -0.1542700000E-05    0.0000000000E+00
  54   -0.1165621169E-01   -0.1729022410E+00    0.1729022402E+00    0.2571000000E-06   -0.2571000000E-06    0.0000000000E+00
  55   -0.1104265075E-01    0.1104278473E-01   -0.1104265075E-01    0.2056900000E-05    0.1542700000E-05    0.2056900000E-05
  56    0.1729022402E+00   -0.1729022410E+00   -0.1165621169E-01    0.0000000000E+00   -0.2571000000E-06    0.2571000000E-06
  57    0.1926764452E+00    0.1215279931E-01   -0.3993780280E-03    0.0000000000E+00    0.5142000000E-06   -0.5142000000E-06
  58   -0.1215264255E-01   -0.1926764550E+00   -0.3993780280E-03    0.2056900000E-05   -0.2056900000E-05   -0.1542700000E-05
  59   -0.1187424770E-01    0.1187439109E-01   -0.1435012537E-06    0.2828200000E-05    0.2571000000E-06   -0.2056900000E-05
  60    0.1724927380E+00   -0.1724927388E+00   -0.1513753367E-06    0.0000000000E+00    0.3599500000E-05    0.3599500000E-05
  61    0.1926820333E+00    0.1215280594E-01    0.2079593530E-05    0.0000000000E+00    0.3342400000E-05    0.0000000000E+00
  62   -0.1215264917E-01   -0.1926820426E+00    0.2080162043E-05   -0.3085300000E-05    0.3085300000E-05    0.0000000000E+00
  63   -0.1187424561E-01    0.1187438899E-01    0.3860349674E-03    0.2828200000E-05    0.2571000000E-06    0.2056900000E-05
  64    0.1724876215E+00   -0.1724876223E+00    0.4085636231E-03    0.0000000000E+00    0.3599500000E-05   -0.3599500000E-05
  65    0.1931214251E+00    0.1132121200E-01    0.1132121200E-01    0.0000000000E+00    0.5142000000E-06    0.5142000000E-06
  66   -0.1132106464E-01   -0.1931214350E+00    0.1132120248E-01    0.2056900000E-05   -0.2056900000E-05    0.1542700000E-05
  67   -0.1132106464E-01    0.1132120248E-01   -0.1931214350E+00    0.2056900000E-05    0.1542700000E-05   -0.2056900000E-05
  68    0.1526262990E+00   -0.1526262981E+00   -0.1526262981E+00    0.0000000000E+00   -0.2571000000E-06   -0.2571000000E-06
  69   -0.3993780280E-03    0.1922314652E+00   -0.3993780280E-03   -0.5142000000E-06    0.0000000000E+00   -0.5142000000E-06
  70   -0.1529065729E-06   -0.1270582560E-01   -0.3883462891E-03   -0.2056900000E-05    0.2828200000E-05   -0.2571000000E-06
  71   -0.1567651478E-06    0.1922421626E+00   -0.1567651477E-06   -0.1799800000E-05    0.0000000000E+00   -0.1799800000E-05
  72   -0.3883462891E-03   -0.1270582560E-01   -0.1529065729E-06   -0.2571000000E-06    0.2828200000E-05   -0.2056900000E-05
  73   -0.3993773896E-03    0.1922370524E+00    0.2075237748E-05   -0.3342400000E-05    0.0000000000E+00    0.0000000000E+00
  74   -0.1529066450E-06   -0.1270583303E-01    0.2309305828E-05   -0.1028400000E-05    0.2828200000E-05    0.0000000000E+00
  75   -0.1567651055E-06    0.1922370456E+00    0.3973044826E-03   -0.1799800000E-05    0.0000000000E+00    0.1799800000E-05
  76   -0.3883456507E-03   -0.1270582351E-01    0.3860402419E-03   -0.2571000000E-06    0.2828200000E-05    0.2056900000E-05
  77   -0.3993780280E-03    0.1926764452E+00    0.1215279931E-01   -0.5142000000E-06    0.0000000000E+00    0.5142000000E-06
  78   -0.1435012537E-06   -0.1187424770E-01    0.1187439109E-01   -0.2056900000E-05    0.2828200000E-05    0.2571000000E-06
  79   -0.1513753367E-06    0.1724927380E+00   -0.1724927388E+00    0.3599500000E-05    0.0000000000E+00    0.3599500000E-05
  80   -0.3993780280E-03   -0.1215264255E-01   -0.1926764550E+00   -0.1542700000E-05    0.2056900000E-05   -0.2056900000E-05
  81   -0.3993780280E-03   -0.3993780280E-03    0.1922314652E+00   -0.5142000000E-06   -0.5142000000E-06    0.0000000000E+00
  82   -0.1567651477E-06   -0.1567651478E-06    0.1922421626E+00   -0.1799800000E-05   -0.1799800000E-05    0.0000000000E+00
  83   -0.1529065729E-06   -0.3883462891E-03   -0.1270582560E-01   -0.2056900000E-05   -0.2571000000E-06    0.2828200000E-05
  84   -0.3883462891E-03   -0.1529065729E-06   -0.1270582560E-01   -0.2571000000E-06   -0.2056900000E-05    0.2828200000E-05
  85   -0.3883462891E-03   -0.3883462891E-03   -0.3883462891E-03    0.2571000000E-06    0.2571000000E-06    0.2571000000E-06
  86   -0.1623121022E-06   -0.1623121022E-06   -0.3883462891E-03   -0.1542700000E-05   -0.1542700000E-05    0.1799800000E-05
  87   -0.1623121021E-06   -0.3883462891E-03   -0.1623121022E-06   -0.1542700000E-05    0.1799800000E-05   -0.1542700000E-05
  88   -0.3883462891E-03   -0.1623121022E-06   -0.1623121022E-06    0.1799800000E-05   -0.1542700000E-05   -0.1542700000E-05
  89   -0.3883456507E-03   -0.3883456507E-03    0.2303804589E-05    0.5142000000E-06    0.5142000000E-06    0.0000000000E+00
  90   -0.1623121743E-06   -0.1623121743E-06    0.2304257929E-05    0.3599500000E-05    0.3599500000E-05    0.0000000000E+00
  91   -0.1623120693E-06   -0.3883456507E-03    0.3860452898E-03   -0.1542700000E-05    0.1799800000E-05    0.1542700000E-05
  92   -0.3883456507E-03   -0.1623120693E-06    0.3860452898E-03    0.1799800000E-05   -0.1542700000E-05    0.1542700000E-05
  93   -0.3883462891E-03   -0.3883462891E-03    0.1270597839E-01    0.2571000000E-06    0.2571000000E-06   -0.2571000000E-06
  94   -0.1529067830E-06   -0.1529067829E-06    0.1270599744E-01   -0.1542700000E-05   -0.1542700000E-05   -0.1799800000E-05
  95   -0.1567650427E-06   -0.3993780280E-03   -0.1922368170E+00   -0.2056900000E-05   -0.2571000000E-06   -0.2828200000E-05
  96   -0.3993780280E-03   -0.1567650427E-06   -0.1922368170E+00   -0.2571000000E-06   -0.2056900000E-05   -0.2828200000E-05
  97   -0.3993773896E-03    0.2075237748E-05    0.1922370524E+00   -0.3342400000E-05    0.0000000000E+00    0.0000000000E+00
  98   -0.1567651055E-06    0.3973044826E-03    0.1922370456E+00   -0.1799800000E-05    0.1799800000E-05    0.0000000000E+00
  99   -0.1529066450E-06    0.2309305828E-05   -0.1270583303E-01   -0.1028400000E-05    0.0000000000E+00    0.2828200000E-05
 100   -0.3883456507E-03    0.3860402419E-03   -0.1270582351E-01   -0.2571000000E-06    0.2056900000E-05    0.2828200000E-05
 101   -0.3883456507E-03    0.2303804589E-05   -0.3883456507E-03    0.5142000000E-06    0.0000000000E+00    0.5142000000E-06
 102   -0.1623120693E-06    0.3860452898E-03   -0.3883456507E-03   -0.1542700000E-05    0.1542700000E-05    0.1799800000E-05
 103   -0.1623121742E-06    0.2304257929E-05   -0.1623121743E-06    0.3599500000E-05    0.0000000000E+00    0.3599500000E-05
 104   -0.3883456507E-03    0.3860452898E-03   -0.1623120693E-06    0.1799800000E-05    0.1542700000E-05   -0.1542700000E-05
 105   -0.3883450123E-03    0.2302167660E-05    0.2302167660E-05    0.4628000000E-05    0.0000000000E+00    0.0000000000E+00
 106   -0.1630552046E-06    0.3860460535E-03    0.2302402360E-05    0.3599500000E-05   -0.3599500000E-05    0.0000000000E+00
 107   -0.1630552045E-06    0.2302402360E-05    0.3860460535E-03    0.3599500000E-05    0.0000000000E+00   -0.3599500000E-05
 108   -0.3883450123E-03    0.3860467417E-03    0.3860467417E-03    0.1799800000E-05    0.1542700000E-05    0.1542700000E-05
 109   -0.3883456507E-03    0.2309079088E-05    0.1270598582E-01    0.5142000000E-06    0.0000000000E+00   -0.5142000000E-06
 110   -0.1529067500E-06    0.3860400153E-03    0.1270599535E-01   -0.1542700000E-05    0.1542700000E-05   -0.1799800000E-05
 111   -0.1567651055E-06    0.2074895991E-05   -0.1922424047E+00   -0.1028400000E-05    0.0000000000E+00   -0.2828200000E-05
 112   -0.3993773896E-03    0.3973041409E-03   -0.1922316994E+00   -0.2571000000E-06    0.2056900000E-05   -0.2828200000E-05
 113   -0.3993780280E-03    0.1215279931E-01    0.1926764452E+00   -0.5142000000E-06    0.5142000000E-06    0.0000000000E+00
 114   -0.1513753367E-06   -0.1724927388E+00    0.1724927380E+00    0.3599500000E-05    0.3599500000E-05    0.0000000000E+00
 115   -0.1435012537E-06    0.1187439109E-01   -0.1187424770E-01   -0.2056900000E-05    0.2571000000E-06    0.2828200000E-05
 116   -0.3993780280E-03   -0.1926764550E+00   -0.1215264255E-01   -0.1542700000E-05   -0.2056900000E-05    0.2056900000E-05
 117   -0.3883462891E-03    0.1270597839E-01   -0.3883462891E-03    0.2571000000E-06   -0.2571000000E-06    0.2571000000E-06
 118   -0.1567650428E-06   -0.1922368170E+00   -0.3993780280E-03   -0.2056900000E-05   -0.2828200000E-05   -0.2571000000E-06
 119   -0.1529067829E-06    0.1270599744E-01   -0.1529067829E-06   -0.1542700000E-05   -0.1799800000E-05   -0.1542700000E-05
 120   -0.3993780280E-03   -0.1922368170E+00   -0.1567650427E-06   -0.2571000000E-06   -0.2828200000E-05   -0.2056900000E-05
 121   -0.3883456507E-03    0.1270598582E-01    0.2309079088E-05    0.5142000000E-06   -0.5142000000E-06    0.0000000000E+00
 122   -0.1567651056E-06   -0.1922424047E+00    0.2074895991E-05   -0.1028400000E-05   -0.2828200000E-05    0.0000000000E+00
 123   -0.1529067501E-06    0.1270599535E-01    0.3860400153E-03   -0.1542700000E-05   -0.1799800000E-05    0.1542700000E-05
 124   -0.3993773896E-03   -0.1922316994E+00    0.3973041409E-03   -0.2571000000E-06   -0.2828200000E-05    0.2056900000E-05
 125   -0.3883462891E-03    0.1187439109E-01    0.1187439109E-01    0.2571000000E-06   -0.2571000000E-06   -0.2571000000E-06
 126   -0.1473597236E-06   -0.1926817969E+00    0.1215280883E-01   -0.2056900000E-05   -0.2828200000E-05    0.2571000000E-06
 127   -0.1473597235E-06    0.1215280883E-01   -0.1926817969E+00   -0.2056900000E-05    0.2571000000E-06   -0.2828200000E-05
 128   -0.4104097669E-03   -0.1724873894E+00   -0.1724873894E+00   -0.1542700000E-05   -0.2056900000E-05   -0.2056900000E-05
 129    0.1845813095E-05    0.1724929770E+00    0.1724929770E+00    0.0000000000E+00    0.0000000000E+00    0.0000000000E+00
 130    0.3972992166E-03   -0.1215264917E-01    0.1926766834E+00   -0.3599500000E-05   -0.3599500000E-05    0.0000000000E+00
 131    0.3972992166E-03    0.1926766834E+00   -0.1215264917E-01   -0.3599500000E-05    0.0000000000E+00   -0.3599500000E-05
 132    0.2314353728E-05   -0.1187423608E-01   -0.1187423608E-01    0.0000000000E+00   -0.3085300000E-05   -0.3085300000E-05
 133    0.2075237748E-05    0.1922370524E+00   -0.3993773896E-03    0.0000000000E+00    0.0000000000E+00   -0.3342400000E-05
 134    0.3860402419E-03   -0.1270582351E-01   -0.3883456507E-03    0.2056900000E-05    0.2828200000E-05   -0.2571000000E-06
 135    0.3973044826E-03    0.1922370456E+00   -0.1567651056E-06    0.1799800000E-05    0.0000000000E+00   -0.1799800000E-05
 136    0.2309305828E-05   -0.1270583303E-01   -0.1529066451E-06    0.0000000000E+00    0.2828200000E-05   -0.1028400000E-05
 137    0.2073797864E-05    0.1922426410E+00    0.2073797864E-05    0.0000000000E+00    0.0000000000E+00    0.0000000000E+00
 138    0.3860404750E-03   -0.1270583073E-01    0.2307980951E-05    0.1028400000E-05    0.2828200000E-05    0.0000000000E+00
 139    0.3973051691E-03    0.1922319288E+00    0.3973051691E-03    0.1799800000E-05    0.0000000000E+00    0.1799800000E-05
 140    0.2307980951E-05   -0.1270583073E-01    0.3860404750E-03    0.0000000000E+00    0.2828200000E-05    0.1028400000E-05
 141    0.2079593530E-05    0.1926820333E+00    0.1215280594E-01    0.0000000000E+00    0.0000000000E+00    0.3342400000E-05
 142    0.3860349674E-03   -0.1187424561E-01    0.1187438899E-01    0.2056900000E-05    0.2828200000E-05    0.2571000000E-06
 143    0.4085636231E-03    0.1724876215E+00   -0.1724876223E+00   -0.3599500000E-05    0.0000000000E+00    0.3599500000E-05
 144    0.2080162043E-05   -0.1215264917E-01   -0.1926820426E+00    0.0000000000E+00   -0.3085300000E-05    0.3085300000E-05
 145    0.2075237748E-05   -0.3993773896E-03    0.1922370524E+00    0.0000000000E+00   -0.3342400000E-05    0.0000000000E+00
 146    0.3973044826E-03   -0.1567651056E-06    0.1922370456E+00    0.1799800000E-05   -0.1799800000E-05    0.0000000000E+00
 147    0.3860402419E-03   -0.3883456507E-03   -0.1270582351E-01    0.2056900000E-05   -0.2571000000E-06    0.2828200000E-05
 148    0.2309305828E-05   -0.1529066451E-06   -0.1270583303E-01    0.0000000000E+00   -0.1028400000E-05    0.2828200000E-05
 149    0.2303804589E-05   -0.3883456507E-03   -0.3883456507E-03    0.0000000000E+00    0.5142000000E-06    0.5142000000E-06
 150    0.3860452898E-03   -0.1623120693E-06   -0.3883456507E-03    0.1542700000E-05   -0.1542700000E-05    0.1799800000E-05
 151    0.3860452898E-03   -0.3883456507E-03   -0.1623120693E-06    0.1542700000E-05    0.1799800000E-05   -0.1542700000E-05
 152    0.2304257929E-05   -0.1623121743E-06   -0.1623121743E-06    0.0000000000E+00    0.3599500000E-05    0.3599500000E-05
 153    0.2302167660E-05   -0.3883450123E-03    0.2302167660E-05    0.0000000000E+00    0.4628000000E-05    0.0000000000E+00
 154    0.3860460535E-03   -0.1630552046E-06    0.2302402360E-05   -0.3599500000E-05    0.3599500000E-05    0.0000000000E+00
 155    0.3860467417E-03   -0.3883450123E-03    0.3860467417E-03    0.1542700000E-05    0.1799800000E-05    0.1542700000E-05
 156    0.2302402360E-05   -0.1630552046E-06    0.3860460535E-03    0.0000000000E+00    0.3599500000E-05   -0.3599500000E-05
 157    0.2309079088E-05   -0.3883456507E-03    0.1270598582E-01    0.0000000000E+00    0.5142000000E-06   -0.5142000000E-06
 158    0.3860400153E-03   -0.1529067500E-06    0.1270599535E-01    0.1542700000E-05   -0.1542700000E-05   -0.1799800000E-05
 159    0.3973041409E-03   -0.3993773896E-03   -0.1922316994E+00    0.2056900000E-05   -0.2571000000E-06   -0.2828200000E-05
 160    0.2074895991E-05   -0.1567651056E-06   -0.1922424047E+00    0.0000000000E+00   -0.1028400000E-05   -0.2828200000E-05
 161    0.2073797864E-05    0.2073797864E-05    0.1922426410E+00    0.0000000000E+00    0.0000000000E+00    0.0000000000E+00
 162    0.3973051691E-03    0.3973051691E-03    0.1922319288E+00    0.1799800000E-05    0.1799800000E-05    0.0000000000E+00
 163    0.3860404750E-03    0.2307980951E-05   -0.1270583073E-01    0.1028400000E-05    0.0000000000E+00    0.2828200000E-05
 164    0.2307980951E-05    0.3860404750E-03   -0.1270583073E-01    0.0000000000E+00    0.1028400000E-05    0.2828200000E-05
 165    0.2302167660E-05    0.2302167660E-05   -0.3883450123E-03    0.0000000000E+00    0.0000000000E+00    0.4628000000E-05
 166    0.3860467417E-03    0.3860467417E-03   -0.3883450123E-03    0.1542700000E-05    0.1542700000E-05    0.1799800000E-05
 167    0.3860460535E-03    0.2302402360E-05   -0.1630552046E-06   -0.3599500000E-05    0.0000000000E+00    0.3599500000E-05
 168    0.2302402360E-05    0.3860460535E-03   -0.1630552046E-06    0.0000000000E+00   -0.3599500000E-05    0.3599500000E-05
 169    0.2300257223E-05    0.2300257223E-05    0.2300257223E-05    0.0000000000E+00    0.0000000000E+00    0.0000000000E+00
 170    0.3860480138E-03    0.3860480138E-03    0.2299803727E-05   -0.3599500000E-05   -0.3599500000E-05    0.0000000000E+00
 171    0.3860480138E-03    0.2299803727E-05    0.3860480138E-03   -0.3599500000E-05    0.0000000000E+00   -0.3599500000E-05
 172    0.2299803727E-05    0.3860480138E-03    0.3860480138E-03    0.0000000000E+00   -0.3599500000E-05   -0.3599500000E-05
 173    0.2308442407E-05    0.2308442407E-05    0.1270599378E-01    0.0000000000E+00    0.0000000000E+00   -0.4628000000E-05
 174    0.3860404670E-03    0.3860404670E-03    0.1270599378E-01    0.1542700000E-05    0.1542700000E-05   -0.1799800000E-05
 175    0.3973049424E-03    0.2073571123E-05   -0.1922372879E+00    0.1028400000E-05    0.0000000000E+00   -0.2828200000E-05
 176    0.2073571123E-05    0.3973049424E-03   -0.1922372879E+00    0.0000000000E+00    0.1028400000E-05   -0.2828200000E-05
 177    0.2079593530E-05    0.1215280594E-01    0.1926820333E+00    0.0000000000E+00    0.3342400000E-05    0.0000000000E+00
 178    0.4085636231E-03   -0.1724876223E+00    0.1724876215E+00   -0.3599500000E-05    0.3599500000E-05    0.0000000000E+00
 179    0.3860349674E-03    0.1187438899E-01   -0.1187424561E-01    0.2056900000E-05    0.2571000000E-06    0.2828200000E-05
 180    0.2080162043E-05   -0.1926820426E+00   -0.1215264917E-01    0.0000000000E+00    0.3085300000E-05   -0.3085300000E-05
 181    0.2309079088E-05    0.1270598582E-01   -0.3883456507E-03    0.0000000000E+00   -0.5142000000E-06    0.5142000000E-06
 182    0.3973041409E-03   -0.1922316994E+00   -0.3993773896E-03    0.2056900000E-05   -0.2828200000E-05   -0.2571000000E-06
 183    0.3860400153E-03    0.1270599535E-01   -0.1529067500E-06    0.1542700000E-05   -0.1799800000E-05   -0.1542700000E-05
 184    0.2074895991E-05   -0.1922424047E+00   -0.1567651056E-06    0.0000000000E+00   -0.2828200000E-05   -0.1028400000E-05
 185    0.2308442407E-05    0.1270599378E-01    0.2308442407E-05    0.0000000000E+00   -0.4628000000E-05    0.0000000000E+00
 186    0.3973049424E-03   -0.1922372879E+00    0.2073571123E-05    0.1028400000E-05   -0.2828200000E-05    0.0000000000E+00
 187    0.3860404670E-03    0.1270599378E-01    0.3860404670E-03    0.1542700000E-05   -0.1799800000E-05    0.1542700000E-05
 188    0.2073571123E-05   -0.1922372879E+00    0.3973049424E-03    0.0000000000E+00   -0.2828200000E-05    0.1028400000E-05
 189    0.2314353587E-05    0.1187439851E-01    0.1187439851E-01    0.0000000000E+00   -0.5142000000E-06   -0.5142000000E-06
 190    0.3972997851E-03   -0.1926766802E+00    0.1215280594E-01    0.2056900000E-05   -0.2828200000E-05    0.2571000000E-06
 191    0.3972997851E-03    0.1215280594E-01   -0.1926766802E+00    0.2056900000E-05    0.2571000000E-06   -0.2828200000E-05
 192    0.1845813110E-05   -0.1724929790E+00   -0.1724929790E+00    0.0000000000E+00    0.3085300000E-05    0.3085300000E-05
 193    0.1165636307E-01    0.1729022341E+00    0.1729022341E+00   -0.1542700000E-05    0.0000000000E+00    0.0000000000E+00
 194   -0.1729022410E+00   -0.1165621169E-01    0.1729022402E+00   -0.2571000000E-06    0.2571000000E-06    0.0000000000E+00
 195   -0.1729022410E+00    0.1729022402E+00   -0.1165621169E-01   -0.2571000000E-06    0.0000000000E+00    0.2571000000E-06
 196    0.1104278473E-01   -0.1104265075E-01   -0.1104265075E-01    0.1542700000E-05    0.2056900000E-05    0.2056900000E-05
 197    0.1215279931E-01    0.1926764452E+00   -0.3993780280E-03    0.5142000000E-06    0.0000000000E+00   -0.5142000000E-06
 198   -0.1926764550E+00   -0.1215264255E-01   -0.3993780280E-03   -0.2056900000E-05    0.2056900000E-05   -0.1542700000E-05
 199   -0.1724927388E+00    0.1724927380E+00   -0.1513753367E-06    0.3599500000E-05    0.0000000000E+00    0.3599500000E-05
 200    0.1187439109E-01   -0.1187424770E-01   -0.1435012537E-06    0.2571000000E-06    0.2828200000E-05   -0.2056900000E-05
 201    0.1215280594E-01    0.1926820333E+00    0.2079593530E-05    0.3342400000E-05    0.0000000000E+00    0.0000000000E+00
 202   -0.1926820426E+00   -0.1215264917E-01    0.2080162043E-05    0.3085300000E-05   -0.3085300000E-05    0.0000000000E+00
 203   -0.1724876223E+00    0.1724876215E+00    0.4085636231E-03    0.3599500000E-05    0.0000000000E+00   -0.3599500000E-05
 204    0.1187438899E-01   -0.1187424561E-01    0.3860349674E-03    0.2571000000E-06    0.2828200000E-05    0.2056900000E-05
 205    0.1132121200E-01    0.1931214251E+00    0.1132121200E-01    0.5142000000E-06    0.0000000000E+00    0.5142000000E-06
 206   -0.1931214350E+00   -0.1132106464E-01    0.1132120248E-01   -0.2056900000E-05    0.2056900000E-05    0.1542700000E-05
 207   -0.1526262981E+00    0.1526262990E+00   -0.1526262981E+00   -0.2571000000E-06    0.0000000000E+00   -0.2571000000E-06
 208    0.1132120248E-01   -0.1132106464E-01   -0.1931214350E+00    0.1542700000E-05    0.2056900000E-05   -0.2056900000E-05
 209    0.1215279931E-01   -0.3993780280E-03    0.1926764452E+00    0.5142000000E-06   -0.5142000000E-06    0.0000000000E+00
 210   -0.1724927388E+00   -0.1513753367E-06    0.1724927380E+00    0.3599500000E-05    0.3599500000E-05    0.0000000000E+00
 211   -0.1926764550E+00   -0.3993780280E-03   -0.1215264255E-01   -0.2056900000E-05   -0.1542700000E-05    0.2056900000E-05
 212    0.1187439109E-01   -0.1435012537E-06   -0.1187424770E-01    0.2571000000E-06   -0.2056900000E-05    0.2828200000E-05
 213    0.1270597839E-01   -0.3883462891E-03   -0.3883462891E-03   -0.2571000000E-06    0.2571000000E-06    0.2571000000E-06
 214   -0.1922368170E+00   -0.1567650427E-06   -0.3993780280E-03   -0.2828200000E-05   -0.2056900000E-05   -0.2571000000E-06
 215   -0.1922368170E+00   -0.3993780280E-03   -0.1567650427E-06   -0.2828200000E-05   -0.2571000000E-06   -0.2056900000E-05
 216    0.1270599744E-01   -0.1529067829E-06   -0.1529067829E-06   -0.1799800000E-05   -0.1542700000E-05   -0.1542700000E-05
 217    0.1270598582E-01   -0.3883456507E-03    0.2309079088E-05   -0.5142000000E-06    0.5142000000E-06    0.0000000000E+00
 218   -0.1922424047E+00   -0.1567651056E-06    0.2074895991E-05   -0.2828200000E-05   -0.1028400000E-05    0.0000000000E+00
 219   -0.1922316994E+00   -0.3993773896E-03    0.3973041409E-03   -0.2828200000E-05   -0.2571000000E-06    0.2056900000E-05
 220    0.1270599535E-01   -0.1529067501E-06    0.3860400153E-03   -0.1799800000E-05   -0.1542700000E-05    0.1542700000E-05
 221    0.1187439109E-01   -0.3883462891E-03    0.1187439109E-01   -0.2571000000E-06    0.2571000000E-06   -0.2571000000E-06
 222   -0.1926817969E+00   -0.1473597235E-06    0.1215280883E-01   -0.2828200000E-05   -0.2056900000E-05    0.2571000000E-06
 223   -0.1724873894E+00   -0.4104097669E-03   -0.1724873894E+00   -0.2056900000E-05   -0.1542700000E-05   -0.2056900000E-05
 224    0.1215280883E-01   -0.1473597235E-06   -0.1926817969E+00    0.2571000000E-06   -0.2056900000E-05   -0.2828200000E-05
 225    0.1215280594E-01    0.2079593530E-05    0.1926820333E+00    0.3342400000E-05    0.0000000000E+00    0.0000000000E+00
 226   -0.1724876223E+00    0.4085636231E-03    0.1724876215E+00    0.3599500000E-05   -0.3599500000E-05    0.0000000000E+00
 227   -0.1926820426E+00    0.2080162043E-05   -0.1215264917E-01    0.3085300000E-05    0.0000000000E+00   -0.3085300000E-05
 228    0.1187438899E-01    0.3860349674E-03   -0.1187424561E-01    0.2571000000E-06    0.2056900000E-05    0.2828200000E-05
 229    0.1270598582E-01    0.2309079088E-05   -0.3883456507E-03   -0.5142000000E-06    0.0000000000E+00    0.5142000000E-06
 230   -0.1922316994E+00    0.3973041409E-03   -0.3993773896E-03   -0.2828200000E-05    0.2056900000E-05   -0.2571000000E-06
 231   -0.1922424047E+00    0.2074895991E-05   -0.1567651056E-06   -0.2828200000E-05    0.0000000000E+00   -0.1028400000E-05
 232    0.1270599535E-01    0.3860400153E-03   -0.1529067501E-06   -0.1799800000E-05    0.1542700000E-05   -0.1542700000E-05
 233    0.1270599378E-01    0.2308442407E-05    0.2308442407E-05   -0.4628000000E-05    0.0000000000E+00    0.0000000000E+00
 234   -0.1922372879E+00    0.3973049424E-03    0.2073571123E-05   -0.2828200000E-05    0.1028400000E-05    0.0000000000E+00
 235   -0.1922372879E+00    0.2073571123E-05    0.3973049424E-03   -0.2828200000E-05    0.0000000000E+00    0.1028400000E-05
 236    0.1270599378E-01    0.3860404670E-03    0.3860404670E-03   -0.1799800000E-05    0.1542700000E-05    0.1542700000E-05
 237    0.1187439851E-01    0.2314353587E-05    0.1187439851E-01   -0.5142000000E-06    0.0000000000E+00   -0.5142000000E-06
 238   -0.1926766802E+00    0.3972997851E-03    0.1215280594E-01   -0.2828200000E-05    0.2056900000E-05    0.2571000000E-06
 239   -0.1724929790E+00    0.1845813110E-05   -0.1724929790E+00    0.3085300000E-05    0.0000000000E+00    0.3085300000E-05
 240    0.1215280594E-01    0.3972997851E-03   -0.1926766802E+00    0.2571000000E-06    0.2056900000E-05   -0.2828200000E-05
 241    0.1132121200E-01    0.1132121200E-01    0.1931214251E+00    0.5142000000E-06    0.5142000000E-06    0.0000000000E+00
 242   -0.1526262981E+00   -0.1526262981E+00    0.1526262990E+00   -0.2571000000E-06   -0.2571000000E-06    0.0000000000E+00
 243   -0.1931214350E+00    0.1132120248E-01   -0.1132106464E-01   -0.2056900000E-05    0.1542700000E-05    0.2056900000E-05
 244    0.1132120248E-01   -0.1931214350E+00   -0.1132106464E-01    0.1542700000E-05   -0.2056900000E-05    0.2056900000E-05
 245    0.1187439109E-01    0.1187439109E-01   -0.3883462891E-03   -0.2571000000E-06   -0.2571000000E-06    0.2571000000E-06
 246   -0.1724873894E+00   -0.1724873894E+00   -0.4104097669E-03   -0.2056900000E-05   -0.2056900000E-05   -0.1542700000E-05
 247   -0.1926817969E+00    0.1215280883E-01   -0.1473597235E-06   -0.2828200000E-05    0.2571000000E-06   -0.2056900000E-05
 248    0.1215280883E-01   -0.1926817969E+00   -0.1473597235E-06    0.2571000000E-06   -0.2828200000E-05   -0.2056900000E-05
 249    0.1187439851E-01    0.1187439851E-01    0.2314353587E-05   -0.5142000000E-06   -0.5142000000E-06    0.0000000000E+00
 250   -0.1724929790E+00   -0.1724929790E+00    0.1845813110E-05    0.3085300000E-05    0.3085300000E-05    0.0000000000E+00
 251   -0.1926766802E+00    0.1215280594E-01    0.3972997851E-03   -0.2828200000E-05    0.2571000000E-06    0.2056900000E-05
 252    0.1215280594E-01   -0.1926766802E+00    0.3972997851E-03    0.2571000000E-06   -0.2828200000E-05    0.2056900000E-05
 253    0.1104280378E-01    0.1104280378E-01    0.1104280378E-01   -0.2571000000E-06   -0.2571000000E-06   -0.2571000000E-06
 254   -0.1729022360E+00   -0.1729022360E+00    0.1165636307E-01   -0.2056900000E-05   -0.2056900000E-05    0.1542700000E-05
 255   -0.1729022360E+00    0.1165636307E-01   -0.1729022360E+00   -0.2056900000E-05    0.1542700000E-05   -0.2056900000E-05
 256    0.1165636307E-01   -0.1729022360E+00   -0.1729022360E+00    0.1542700000E-05   -0.2056900000E-05   -0.2056900000E-05
