          Configuration                1
       1       1       1      0.00000000      0.00000000      0.00000000
       1       2       1      2.02000000      2.02000000      0.00000000
       1       3       1      2.02000000      0.00000000      2.02000000
       1       4       1      0.00000000      2.02000000      2.02000000
       1       5       1      0.00000000      0.00000000      4.04000000
       1       6       1      2.02000000      2.02000000      4.04000000
       1       7       1      2.02000000      0.00000000      6.06000000
       1       8       1      0.00000000      2.02000000      6.06000000
       1       9       1      0.00000000      0.00000000      8.08000000
       1      10       1      2.02000000      2.02000000      8.08000000
       1      11       1      2.02000000      0.00000000     10.10000000
       1      12       1      0.00000000      2.02000000     10.10000000
       1      13       1      0.00000000      0.00000000     12.12000000
       1      14       1      2.02000000      2.02000000     12.12000000
       1      15       1      2.02000000      0.00000000     14.14000000
       1      16       1      0.00000000      2.02000000     14.14000000
       1      17       1      0.00000000      4.04000000      0.00000000
       1      18       1      2.02000000      6.06000000      0.00000000
       1      19       1      2.02000000      4.04000000      2.02000000
       1      20       1      0.00000000      6.06000000      2.02000000
       1      21       1      0.00000000      4.04000000      4.04000000
       1      22       1      2.02000000      6.06000000      4.04000000
       1      23       1      2.02000000      4.04000000      6.06000000
       1      24       1      0.00000000      6.06000000      6.06000000
       1      25       1      0.00000000      4.04000000      8.08000000
       1      26       1      2.02000000      6.06000000      8.08000000
       1      27       1      2.02000000      4.04000000     10.10000000
       1      28       1      0.00000000      6.06000000     10.10000000
       1      29       1      0.00000000      4.04000000     12.12000000
       1      30       1      2.02000000      6.06000000     12.12000000
       1      31       1      2.02000000      4.04000000     14.14000000
       1      32       1      0.00000000      6.06000000     14.14000000
       1      33       1      0.00000000      8.08000000      0.00000000
       1      34       1      2.02000000     10.10000000      0.00000000
       1      35       1      2.02000000      8.08000000      2.02000000
       1      36       1      0.00000000     10.10000000      2.02000000
       1      37       1      0.00000000      8.08000000      4.04000000
       1      38       1      2.02000000     10.10000000      4.04000000
       1      39       1      2.02000000      8.08000000      6.06000000
       1      40       1      0.00000000     10.10000000      6.06000000
       1      41       1      0.00000000      8.08000000      8.08000000
       1      42       1      2.02000000     10.10000000      8.08000000
       1      43       1      2.02000000      8.08000000     10.10000000
       1      44       1      0.00000000     10.10000000     10.10000000
       1      45       1      0.00000000      8.08000000     12.12000000
       1      46       1      2.02000000     10.10000000     12.12000000
       1      47       1      2.02000000      8.08000000     14.14000000
       1      48       1      0.00000000     10.10000000     14.14000000
       1      49       1      0.00000000     12.12000000      0.00000000
       1      50       1      2.02000000     14.14000000      0.00000000
       1      51       1      2.02000000     12.12000000      2.02000000
       1      52       1      0.00000000     14.14000000      2.02000000
       1      53       1      0.00000000     12.12000000      4.04000000
       1      54       1      2.02000000     14.14000000      4.04000000
       1      55       1      2.02000000     12.12000000      6.06000000
       1      56       1      0.00000000     14.14000000      6.06000000
       1      57       1      0.00000000     12.12000000      8.08000000
       1      58       1      2.02000000     14.14000000      8.08000000
       1      59       1      2.02000000     12.12000000     10.10000000
       1      60       1      0.00000000     14.14000000     10.10000000
       1      61       1      0.00000000     12.12000000     12.12000000
       1      62       1      2.02000000     14.14000000     12.12000000
       1      63       1      2.02000000     12.12000000     14.14000000
       1      64       1      0.00000000     14.14000000     14.14000000
       1      65       1      4.04000000      0.00000000      0.00000000
       1      66       1      6.06000000      2.02000000      0.00000000
       1      67       1      6.06000000      0.00000000      2.02000000
       1      68       1      4.04000000      2.02000000      2.02000000
       1      69       1      4.04000000      0.00000000      4.04000000
       1      70       1      6.06000000      2.02000000      4.04000000
       1      71       1      6.06000000      0.00000000      6.06000000
       1      72       1      4.04000000      2.02000000      6.06000000
       1      73       1      4.04000000      0.00000000      8.08000000
       1      74       1      6.06000000      2.02000000      8.08000000
       1      75       1      6.06000000      0.00000000     10.10000000
       1      76       1      4.04000000      2.02000000     10.10000000
       1      77       1      4.04000000      0.00000000     12.12000000
       1      78       1      6.06000000      2.02000000     12.12000000
       1      79       1      6.06000000      0.00000000     14.14000000
       1      80       1      4.04000000      2.02000000     14.14000000
       1      81       1      4.04000000      4.04000000      0.00000000
       1      82       1      6.06000000      6.06000000      0.00000000
       1      83       1      6.06000000      4.04000000      2.02000000
       1      84       1      4.04000000      6.06000000      2.02000000
       1      85       1      4.04000000      4.04000000      4.04000000
       1      86       1      6.06000000      6.06000000      4.04000000
       1      87       1      6.06000000      4.04000000      6.06000000
       1      88       1      4.04000000      6.06000000      6.06000000
       1      89       1      4.04000000      4.04000000      8.08000000
       1      90       1      6.06000000      6.06000000      8.08000000
       1      91       1      6.06000000      4.04000000     10.10000000
       1      92       1      4.04000000      6.06000000     10.10000000
       1      93       1      4.04000000      4.04000000     12.12000000
       1      94       1      6.06000000      6.06000000     12.12000000
       1      95       1      6.06000000      4.04000000     14.14000000
       1      96       1      4.04000000      6.06000000     14.14000000
       1      97       1      4.04000000      8.08000000      0.00000000
       1      98       1      6.06000000     10.10000000      0.00000000
       1      99       1      6.06000000      8.08000000      2.02000000
       1     100       1      4.04000000     10.10000000      2.02000000
       1     101       1      4.04000000      8.08000000      4.04000000
       1     102       1      6.06000000     10.10000000      4.04000000
       1     103       1      6.06000000      8.08000000      6.06000000
       1     104       1      4.04000000     10.10000000      6.06000000
       1     105       1      4.04000000      8.08000000      8.08000000
       1     106       1      6.06000000     10.10000000      8.08000000
       1     107       1      6.06000000      8.08000000     10.10000000
       1     108       1      4.04000000     10.10000000     10.10000000
       1     109       1      4.04000000      8.08000000     12.12000000
       1     110       1      6.06000000     10.10000000     12.12000000
       1     111       1      6.06000000      8.08000000     14.14000000
       1     112       1      4.04000000     10.10000000     14.14000000
       1     113       1      4.04000000     12.12000000      0.00000000
       1     114       1      6.06000000     14.14000000      0.00000000
       1     115       1      6.06000000     12.12000000      2.02000000
       1     116       1      4.04000000     14.14000000      2.02000000
       1     117       1      4.04000000     12.12000000      4.04000000
       1     118       1      6.06000000     14.14000000      4.04000000
       1     119       1      6.06000000     12.12000000      6.06000000
       1     120       1      4.04000000     14.14000000      6.06000000
       1     121       1      4.04000000     12.12000000      8.08000000
       1     122       1      6.06000000     14.14000000      8.08000000
       1     123       1      6.06000000     12.12000000     10.10000000
       1     124       1      4.04000000     14.14000000     10.10000000
       1     125       1      4.04000000     12.12000000     12.12000000
       1     126       1      6.06000000     14.14000000     12.12000000
       1     127       1      6.06000000     12.12000000     14.14000000
       1     128       1      4.04000000     14.14000000     14.14000000
       1     129       1      8.08000000      0.00000000      0.00000000
       1     130       1     10.10000000      2.02000000      0.00000000
       1     131       1     10.10000000      0.00000000      2.02000000
       1     132       1      8.08000000      2.02000000      2.02000000
       1     133       1      8.08000000      0.00000000      4.04000000
       1     134       1     10.10000000      2.02000000      4.04000000
       1     135       1     10.10000000      0.00000000      6.06000000
       1     136       1      8.08000000      2.02000000      6.06000000
       1     137       1      8.08000000      0.00000000      8.08000000
       1     138       1     10.10000000      2.02000000      8.08000000
       1     139       1     10.10000000      0.00000000     10.10000000
       1     140       1      8.08000000      2.02000000     10.10000000
       1     141       1      8.08000000      0.00000000     12.12000000
       1     142       1     10.10000000      2.02000000     12.12000000
       1     143       1     10.10000000      0.00000000     14.14000000
       1     144       1      8.08000000      2.02000000     14.14000000
       1     145       1      8.08000000      4.04000000      0.00000000
       1     146       1     10.10000000      6.06000000      0.00000000
       1     147       1     10.10000000      4.04000000      2.02000000
       1     148       1      8.08000000      6.06000000      2.02000000
       1     149       1      8.08000000      4.04000000      4.04000000
       1     150       1     10.10000000      6.06000000      4.04000000
       1     151       1     10.10000000      4.04000000      6.06000000
       1     152       1      8.08000000      6.06000000      6.06000000
       1     153       1      8.08000000      4.04000000      8.08000000
       1     154       1     10.10000000      6.06000000      8.08000000
       1     155       1     10.10000000      4.04000000     10.10000000
       1     156       1      8.08000000      6.06000000     10.10000000
       1     157       1      8.08000000      4.04000000     12.12000000
       1     158       1     10.10000000      6.06000000     12.12000000
       1     159       1     10.10000000      4.04000000     14.14000000
       1     160       1      8.08000000      6.06000000     14.14000000
       1     161       1      8.08000000      8.08000000      0.00000000
       1     162       1     10.10000000     10.10000000      0.00000000
       1     163       1     10.10000000      8.08000000      2.02000000
       1     164       1      8.08000000     10.10000000      2.02000000
       1     165       1      8.08000000      8.08000000      4.04000000
       1     166       1     10.10000000     10.10000000      4.04000000
       1     167       1     10.10000000      8.08000000      6.06000000
       1     168       1      8.08000000     10.10000000      6.06000000
       1     169       1      8.08000000      8.08000000      8.08000000
       1     170       1     10.10000000     10.10000000      8.08000000
       1     171       1     10.10000000      8.08000000     10.10000000
       1     172       1      8.08000000     10.10000000     10.10000000
       1     173       1      8.08000000      8.08000000     12.12000000
       1     174       1     10.10000000     10.10000000     12.12000000
       1     175       1     10.10000000      8.08000000     14.14000000
       1     176       1      8.08000000     10.10000000     14.14000000
       1     177       1      8.08000000     12.12000000      0.00000000
       1     178       1     10.10000000     14.14000000      0.00000000
       1     179       1     10.10000000     12.12000000      2.02000000
       1     180       1      8.08000000     14.14000000      2.02000000
       1     181       1      8.08000000     12.12000000      4.04000000
       1     182       1     10.10000000     14.14000000      4.04000000
       1     183       1     10.10000000     12.12000000      6.06000000
       1     184       1      8.08000000     14.14000000      6.06000000
       1     185       1      8.08000000     12.12000000      8.08000000
       1     186       1     10.10000000     14.14000000      8.08000000
       1     187       1     10.10000000     12.12000000     10.10000000
       1     188       1      8.08000000     14.14000000     10.10000000
       1     189       1      8.08000000     12.12000000     12.12000000
       1     190       1     10.10000000     14.14000000     12.12000000
       1     191       1     10.10000000     12.12000000     14.14000000
       1     192       1      8.08000000     14.14000000     14.14000000
       1     193       1     12.12000000      0.00000000      0.00000000
       1     194       1     14.14000000      2.02000000      0.00000000
       1     195       1     14.14000000      0.00000000      2.02000000
       1     196       1     12.12000000      2.02000000      2.02000000
       1     197       1     12.12000000      0.00000000      4.04000000
       1     198       1     14.14000000      2.02000000      4.04000000
       1     199       1     14.14000000      0.00000000      6.06000000
       1     200       1     12.12000000      2.02000000      6.06000000
       1     201       1     12.12000000      0.00000000      8.08000000
       1     202       1     14.14000000      2.02000000      8.08000000
       1     203       1     14.14000000      0.00000000     10.10000000
       1     204       1     12.12000000      2.02000000     10.10000000
       1     205       1     12.12000000      0.00000000     12.12000000
       1     206       1     14.14000000      2.02000000     12.12000000
       1     207       1     14.14000000      0.00000000     14.14000000
       1     208       1     12.12000000      2.02000000     14.14000000
       1     209       1     12.12000000      4.04000000      0.00000000
       1     210       1     14.14000000      6.06000000      0.00000000
       1     211       1     14.14000000      4.04000000      2.02000000
       1     212       1     12.12000000      6.06000000      2.02000000
       1     213       1     12.12000000      4.04000000      4.04000000
       1     214       1     14.14000000      6.06000000      4.04000000
       1     215       1     14.14000000      4.04000000      6.06000000
       1     216       1     12.12000000      6.06000000      6.06000000
       1     217       1     12.12000000      4.04000000      8.08000000
       1     218       1     14.14000000      6.06000000      8.08000000
       1     219       1     14.14000000      4.04000000     10.10000000
       1     220       1     12.12000000      6.06000000     10.10000000
       1     221       1     12.12000000      4.04000000     12.12000000
       1     222       1     14.14000000      6.06000000     12.12000000
       1     223       1     14.14000000      4.04000000     14.14000000
       1     224       1     12.12000000      6.06000000     14.14000000
       1     225       1     12.12000000      8.08000000      0.00000000
       1     226       1     14.14000000     10.10000000      0.00000000
       1     227       1     14.14000000      8.08000000      2.02000000
       1     228       1     12.12000000     10.10000000      2.02000000
       1     229       1     12.12000000      8.08000000      4.04000000
       1     230       1     14.14000000     10.10000000      4.04000000
       1     231       1     14.14000000      8.08000000      6.06000000
       1     232       1     12.12000000     10.10000000      6.06000000
       1     233       1     12.12000000      8.08000000      8.08000000
       1     234       1     14.14000000     10.10000000      8.08000000
       1     235       1     14.14000000      8.08000000     10.10000000
       1     236       1     12.12000000     10.10000000     10.10000000
       1     237       1     12.12000000      8.08000000     12.12000000
       1     238       1     14.14000000     10.10000000     12.12000000
       1     239       1     14.14000000      8.08000000     14.14000000
       1     240       1     12.12000000     10.10000000     14.14000000
       1     241       1     12.12000000     12.12000000      0.00000000
       1     242       1     14.14000000     14.14000000      0.00000000
       1     243       1     14.14000000     12.12000000      2.02000000
       1     244       1     12.12000000     14.14000000      2.02000000
       1     245       1     12.12000000     12.12000000      4.04000000
       1     246       1     14.14000000     14.14000000      4.04000000
       1     247       1     14.14000000     12.12000000      6.06000000
       1     248       1     12.12000000     14.14000000      6.06000000
       1     249       1     12.12000000     12.12000000      8.08000000
       1     250       1     14.14000000     14.14000000      8.08000000
       1     251       1     14.14000000     12.12000000     10.10000000
       1     252       1     12.12000000     14.14000000     10.10000000
       1     253       1     12.12000000     12.12000000     12.12000000
       1     254       1     14.14000000     14.14000000     12.12000000
       1     255       1     14.14000000     12.12000000     14.14000000
       1     256       1     12.12000000     14.14000000     14.14000000
          Configuration                2
       2       1       1      0.00000000      0.00000000      0.00000000
       2       2       1      2.01835100      2.01835100      0.00000000
       2       3       1      2.01835100      0.00000000      2.01835100
       2       4       1      0.00000000      2.01835100      2.01835100
       2       5       1      4.03670200      0.00000000      0.00000000
       2       6       1      4.03670200      2.01835100      2.01835100
       2       7       1      6.05505300      2.01835100      0.00000000
       2       8       1      6.05505300      0.00000000      2.01835100
       2       9       1      0.00000000      0.00000000      4.03670200
       2      10       1      2.01835100      2.01835100      4.03670200
       2      11       1      2.01835100      0.00000000      6.05505300
       2      12       1      0.00000000      2.01835100      6.05505300
       2      13       1      0.00000000      0.00000000      8.07340400
       2      14       1      2.01835100      2.01835100      8.07340400
       2      15       1      2.01835100      0.00000000     10.09175400
       2      16       1      0.00000000      2.01835100     10.09175400
       2      17       1      0.00000000      0.00000000     12.11010500
       2      18       1      2.01835100      2.01835100     12.11010500
       2      19       1      2.01835100      0.00000000     14.12845600
       2      20       1      0.00000000      2.01835100     14.12845600
       2      21       1      0.00000000      4.03670200      0.00000000
       2      22       1      2.01835100      6.05505300      0.00000000
       2      23       1      2.01835100      4.03670200      2.01835100
       2      24       1      0.00000000      6.05505300      2.01835100
       2      25       1      0.00000000      4.03670200      4.03670200
       2      26       1      2.01835100      6.05505300      4.03670200
       2      27       1      2.01835100      4.03670200      6.05505300
       2      28       1      0.00000000      6.05505300      6.05505300
       2      29       1      0.00000000      4.03670200      8.07340400
       2      30       1      2.01835100      6.05505300      8.07340400
       2      31       1      2.01835100      4.03670200     10.09175400
       2      32       1      0.00000000      6.05505300     10.09175400
       2      33       1      0.00000000      4.03670200     12.11010500
       2      34       1      2.01835100      6.05505300     12.11010500
       2      35       1      2.01835100      4.03670200     14.12845600
       2      36       1      0.00000000      6.05505300     14.12845600
       2      37       1      0.00000000      8.07340400      0.00000000
       2      38       1      2.01835100     10.09175400      0.00000000
       2      39       1      2.01835100      8.07340400      2.01835100
       2      40       1      0.00000000     10.09175400      2.01835100
       2      41       1      0.00000000      8.07340400      4.03670200
       2      42       1      2.01835100     10.09175400      4.03670200
       2      43       1      2.01835100      8.07340400      6.05505300
       2      44       1      0.00000000     10.09175400      6.05505300
       2      45       1      0.00000000      8.07340400      8.07340400
       2      46       1      2.01835100     10.09175400      8.07340400
       2      47       1      2.01835100      8.07340400     10.09175400
       2      48       1      0.00000000     10.09175400     10.09175400
       2      49       1      0.00000000      8.07340400     12.11010500
       2      50       1      2.01835100     10.09175400     12.11010500
       2      51       1      2.01835100      8.07340400     14.12845600
       2      52       1      0.00000000     10.09175400     14.12845600
       2      53       1      0.00000000     12.11010500      0.00000000
       2      54       1      2.01835100     14.12845600      0.00000000
       2      55       1      2.01835100     12.11010500      2.01835100
       2      56       1      0.00000000     14.12845600      2.01835100
       2      57       1      0.00000000     12.11010500      4.03670200
       2      58       1      2.01835100     14.12845600      4.03670200
       2      59       1      2.01835100     12.11010500      6.05505300
       2      60       1      0.00000000     14.12845600      6.05505300
       2      61       1      0.00000000     12.11010500      8.07340400
       2      62       1      2.01835100     14.12845600      8.07340400
       2      63       1      2.01835100     12.11010500     10.09175400
       2      64       1      0.00000000     14.12845600     10.09175400
       2      65       1      0.00000000     12.11010500     12.11010500
       2      66       1      2.01835100     14.12845600     12.11010500
       2      67       1      2.01835100     12.11010500     14.12845600
       2      68       1      0.00000000     14.12845600     14.12845600
       2      69       1      4.03670200      0.00000000      4.03670200
       2      70       1      6.05505300      2.01835100      4.03670200
       2      71       1      6.05505300      0.00000000      6.05505300
       2      72       1      4.03670200      2.01835100      6.05505300
       2      73       1      4.03670200      0.00000000      8.07340400
       2      74       1      6.05505300      2.01835100      8.07340400
       2      75       1      6.05505300      0.00000000     10.09175400
       2      76       1      4.03670200      2.01835100     10.09175400
       2      77       1      4.03670200      0.00000000     12.11010500
       2      78       1      6.05505300      2.01835100     12.11010500
       2      79       1      6.05505300      0.00000000     14.12845600
       2      80       1      4.03670200      2.01835100     14.12845600
       2      81       1      4.03670200      4.03670200      0.00000000
       2      82       1      6.05505300      6.05505300      0.00000000
       2      83       1      6.05505300      4.03670200      2.01835100
       2      84       1      4.03670200      6.05505300      2.01835100
       2      85       1      4.03670200      4.03670200      4.03670200
       2      86       1      6.05505300      6.05505300      4.03670200
       2      87       1      6.05505300      4.03670200      6.05505300
       2      88       1      4.03670200      6.05505300      6.05505300
       2      89       1      4.03670200      4.03670200      8.07340400
       2      90       1      6.05505300      6.05505300      8.07340400
       2      91       1      6.05505300      4.03670200     10.09175400
       2      92       1      4.03670200      6.05505300     10.09175400
       2      93       1      4.03670200      4.03670200     12.11010500
       2      94       1      6.05505300      6.05505300     12.11010500
       2      95       1      6.05505300      4.03670200     14.12845600
       2      96       1      4.03670200      6.05505300     14.12845600
       2      97       1      4.03670200      8.07340400      0.00000000
       2      98       1      6.05505300     10.09175400      0.00000000
       2      99       1      6.05505300      8.07340400      2.01835100
       2     100       1      4.03670200     10.09175400      2.01835100
       2     101       1      4.03670200      8.07340400      4.03670200
       2     102       1      6.05505300     10.09175400      4.03670200
       2     103       1      6.05505300      8.07340400      6.05505300
       2     104       1      4.03670200     10.09175400      6.05505300
       2     105       1      4.03670200      8.07340400      8.07340400
       2     106       1      6.05505300     10.09175400      8.07340400
       2     107       1      6.05505300      8.07340400     10.09175400
       2     108       1      4.03670200     10.09175400     10.09175400
       2     109       1      4.03670200      8.07340400     12.11010500
       2     110       1      6.05505300     10.09175400     12.11010500
       2     111       1      6.05505300      8.07340400     14.12845600
       2     112       1      4.03670200     10.09175400     14.12845600
       2     113       1      4.03670200     12.11010500      0.00000000
       2     114       1      6.05505300     14.12845600      0.00000000
       2     115       1      6.05505300     12.11010500      2.01835100
       2     116       1      4.03670200     14.12845600      2.01835100
       2     117       1      4.03670200     12.11010500      4.03670200
       2     118       1      6.05505300     14.12845600      4.03670200
       2     119       1      6.05505300     12.11010500      6.05505300
       2     120       1      4.03670200     14.12845600      6.05505300
       2     121       1      4.03670200     12.11010500      8.07340400
       2     122       1      6.05505300     14.12845600      8.07340400
       2     123       1      6.05505300     12.11010500     10.09175400
       2     124       1      4.03670200     14.12845600     10.09175400
       2     125       1      4.03670200     12.11010500     12.11010500
       2     126       1      6.05505300     14.12845600     12.11010500
       2     127       1      6.05505300     12.11010500     14.12845600
       2     128       1      4.03670200     14.12845600     14.12845600
       2     129       1      8.07340400      0.00000000      0.00000000
       2     130       1     10.09175400      2.01835100      0.00000000
       2     131       1     10.09175400      0.00000000      2.01835100
       2     132       1      8.07340400      2.01835100      2.01835100
       2     133       1      8.07340400      0.00000000      4.03670200
       2     134       1     10.09175400      2.01835100      4.03670200
       2     135       1     10.09175400      0.00000000      6.05505300
       2     136       1      8.07340400      2.01835100      6.05505300
       2     137       1      8.07340400      0.00000000      8.07340400
       2     138       1     10.09175400      2.01835100      8.07340400
       2     139       1     10.09175400      0.00000000     10.09175400
       2     140       1      8.07340400      2.01835100     10.09175400
       2     141       1      8.07340400      0.00000000     12.11010500
       2     142       1     10.09175400      2.01835100     12.11010500
       2     143       1     10.09175400      0.00000000     14.12845600
       2     144       1      8.07340400      2.01835100     14.12845600
       2     145       1      8.07340400      4.03670200      0.00000000
       2     146       1     10.09175400      6.05505300      0.00000000
       2     147       1     10.09175400      4.03670200      2.01835100
       2     148       1      8.07340400      6.05505300      2.01835100
       2     149       1      8.07340400      4.03670200      4.03670200
       2     150       1     10.09175400      6.05505300      4.03670200
       2     151       1     10.09175400      4.03670200      6.05505300
       2     152       1      8.07340400      6.05505300      6.05505300
       2     153       1      8.07340400      4.03670200      8.07340400
       2     154       1     10.09175400      6.05505300      8.07340400
       2     155       1     10.09175400      4.03670200     10.09175400
       2     156       1      8.07340400      6.05505300     10.09175400
       2     157       1      8.07340400      4.03670200     12.11010500
       2     158       1     10.09175400      6.05505300     12.11010500
       2     159       1     10.09175400      4.03670200     14.12845600
       2     160       1      8.07340400      6.05505300     14.12845600
       2     161       1      8.07340400      8.07340400      0.00000000
       2     162       1     10.09175400     10.09175400      0.00000000
       2     163       1     10.09175400      8.07340400      2.01835100
       2     164       1      8.07340400     10.09175400      2.01835100
       2     165       1      8.07340400      8.07340400      4.03670200
       2     166       1     10.09175400     10.09175400      4.03670200
       2     167       1     10.09175400      8.07340400      6.05505300
       2     168       1      8.07340400     10.09175400      6.05505300
       2     169       1      8.07340400      8.07340400      8.07340400
       2     170       1     10.09175400     10.09175400      8.07340400
       2     171       1     10.09175400      8.07340400     10.09175400
       2     172       1      8.07340400     10.09175400     10.09175400
       2     173       1      8.07340400      8.07340400     12.11010500
       2     174       1     10.09175400     10.09175400     12.11010500
       2     175       1     10.09175400      8.07340400     14.12845600
       2     176       1      8.07340400     10.09175400     14.12845600
       2     177       1      8.07340400     12.11010500      0.00000000
       2     178       1     10.09175400     14.12845600      0.00000000
       2     179       1     10.09175400     12.11010500      2.01835100
       2     180       1      8.07340400     14.12845600      2.01835100
       2     181       1      8.07340400     12.11010500      4.03670200
       2     182       1     10.09175400     14.12845600      4.03670200
       2     183       1     10.09175400     12.11010500      6.05505300
       2     184       1      8.07340400     14.12845600      6.05505300
       2     185       1      8.07340400     12.11010500      8.07340400
       2     186       1     10.09175400     14.12845600      8.07340400
       2     187       1     10.09175400     12.11010500     10.09175400
       2     188       1      8.07340400     14.12845600     10.09175400
       2     189       1      8.07340400     12.11010500     12.11010500
       2     190       1     10.09175400     14.12845600     12.11010500
       2     191       1     10.09175400     12.11010500     14.12845600
       2     192       1      8.07340400     14.12845600     14.12845600
       2     193       1     12.11010500      0.00000000      0.00000000
       2     194       1     14.12845600      2.01835100      0.00000000
       2     195       1     14.12845600      0.00000000      2.01835100
       2     196       1     12.11010500      2.01835100      2.01835100
       2     197       1     12.11010500      0.00000000      4.03670200
       2     198       1     14.12845600      2.01835100      4.03670200
       2     199       1     14.12845600      0.00000000      6.05505300
       2     200       1     12.11010500      2.01835100      6.05505300
       2     201       1     12.11010500      0.00000000      8.07340400
       2     202       1     14.12845600      2.01835100      8.07340400
       2     203       1     14.12845600      0.00000000     10.09175400
       2     204       1     12.11010500      2.01835100     10.09175400
       2     205       1     12.11010500      0.00000000     12.11010500
       2     206       1     14.12845600      2.01835100     12.11010500
       2     207       1     14.12845600      0.00000000     14.12845600
       2     208       1     12.11010500      2.01835100     14.12845600
       2     209       1     12.11010500      4.03670200      0.00000000
       2     210       1     14.12845600      6.05505300      0.00000000
       2     211       1     14.12845600      4.03670200      2.01835100
       2     212       1     12.11010500      6.05505300      2.01835100
       2     213       1     12.11010500      4.03670200      4.03670200
       2     214       1     14.12845600      6.05505300      4.03670200
       2     215       1     14.12845600      4.03670200      6.05505300
       2     216       1     12.11010500      6.05505300      6.05505300
       2     217       1     12.11010500      4.03670200      8.07340400
       2     218       1     14.12845600      6.05505300      8.07340400
       2     219       1     14.12845600      4.03670200     10.09175400
       2     220       1     12.11010500      6.05505300     10.09175400
       2     221       1     12.11010500      4.03670200     12.11010500
       2     222       1     14.12845600      6.05505300     12.11010500
       2     223       1     14.12845600      4.03670200     14.12845600
       2     224       1     12.11010500      6.05505300     14.12845600
       2     225       1     12.11010500      8.07340400      0.00000000
       2     226       1     14.12845600     10.09175400      0.00000000
       2     227       1     14.12845600      8.07340400      2.01835100
       2     228       1     12.11010500     10.09175400      2.01835100
       2     229       1     12.11010500      8.07340400      4.03670200
       2     230       1     14.12845600     10.09175400      4.03670200
       2     231       1     14.12845600      8.07340400      6.05505300
       2     232       1     12.11010500     10.09175400      6.05505300
       2     233       1     12.11010500      8.07340400      8.07340400
       2     234       1     14.12845600     10.09175400      8.07340400
       2     235       1     14.12845600      8.07340400     10.09175400
       2     236       1     12.11010500     10.09175400     10.09175400
       2     237       1     12.11010500      8.07340400     12.11010500
       2     238       1     14.12845600     10.09175400     12.11010500
       2     239       1     14.12845600      8.07340400     14.12845600
       2     240       1     12.11010500     10.09175400     14.12845600
       2     241       1     12.11010500     12.11010500      0.00000000
       2     242       1     14.12845600     14.12845600      0.00000000
       2     243       1     14.12845600     12.11010500      2.01835100
       2     244       1     12.11010500     14.12845600      2.01835100
       2     245       1     12.11010500     12.11010500      4.03670200
       2     246       1     14.12845600     14.12845600      4.03670200
       2     247       1     14.12845600     12.11010500      6.05505300
       2     248       1     12.11010500     14.12845600      6.05505300
       2     249       1     12.11010500     12.11010500      8.07340400
       2     250       1     14.12845600     14.12845600      8.07340400
       2     251       1     14.12845600     12.11010500     10.09175400
       2     252       1     12.11010500     14.12845600     10.09175400
       2     253       1     12.11010500     12.11010500     12.11010500
       2     254       1     14.12845600     14.12845600     12.11010500
       2     255       1     14.12845600     12.11010500     14.12845600
       2     256       1     12.11010500     14.12845600     14.12845600
          Configuration                3
       3       1       1      0.00000000      0.00000000      0.00000000
       3       2       1      2.01835100      2.01835100      0.00000000
       3       3       1      2.01835100      0.00000000      2.01835100
       3       4       1      0.00000000      2.01835100      2.01835100
       3       5       1      4.03670200      0.00000000      0.00000000
       3       6       1      4.03670200      2.01835100      2.01835100
       3       7       1      6.05505300      2.01835100      0.00000000
       3       8       1      6.05505300      0.00000000      2.01835100
       3       9       1      0.00000000      0.00000000      4.03670200
       3      10       1      2.01835100      2.01835100      4.03670200
       3      11       1      2.01835100      0.00000000      6.05505300
       3      12       1      0.00000000      2.01835100      6.05505300
       3      13       1      0.00000000      0.00000000      8.07340400
       3      14       1      2.01835100      2.01835100      8.07340400
       3      15       1      2.01835100      0.00000000     10.09175400
       3      16       1      0.00000000      2.01835100     10.09175400
       3      17       1      0.00000000      0.00000000     12.11010500
       3      18       1      2.01835100      2.01835100     12.11010500
       3      19       1      2.01835100      0.00000000     14.12845600
       3      20       1      0.00000000      2.01835100     14.12845600
       3      21       1      0.00000000      4.03670200      0.00000000
       3      22       1      2.01835100      6.05505300      0.00000000
       3      23       1      2.01835100      4.03670200      2.01835100
       3      24       1      0.00000000      6.05505300      2.01835100
       3      25       1      0.00000000      4.03670200      4.03670200
       3      26       1      2.01835100      6.05505300      4.03670200
       3      27       1      2.01835100      4.03670200      6.05505300
       3      28       1      0.00000000      6.05505300      6.05505300
       3      29       1      0.00000000      4.03670200      8.07340400
       3      30       1      2.01835100      6.05505300      8.07340400
       3      31       1      2.01835100      4.03670200     10.09175400
       3      32       1      0.00000000      6.05505300     10.09175400
       3      33       1      0.00000000      4.03670200     12.11010500
       3      34       1      2.01835100      6.05505300     12.11010500
       3      35       1      2.01835100      4.03670200     14.12845600
       3      36       1      0.00000000      6.05505300     14.12845600
       3      37       1      0.00000000      8.07340400      0.00000000
       3      38       1      2.01835100     10.09175400      0.00000000
       3      39       1      2.01835100      8.07340400      2.01835100
       3      40       1      0.00000000     10.09175400      2.01835100
       3      41       1      0.00000000      8.07340400      4.03670200
       3      42       1      2.01835100     10.09175400      4.03670200
       3      43       1      2.01835100      8.07340400      6.05505300
       3      44       1      0.00000000     10.09175400      6.05505300
       3      45       1      0.00000000      8.07340400      8.07340400
       3      46       1      2.01835100     10.09175400      8.07340400
       3      47       1      2.01835100      8.07340400     10.09175400
       3      48       1      0.00000000     10.09175400     10.09175400
       3      49       1      0.00000000      8.07340400     12.11010500
       3      50       1      2.01835100     10.09175400     12.11010500
       3      51       1      2.01835100      8.07340400     14.12845600
       3      52       1      0.00000000     10.09175400     14.12845600
       3      53       1      0.00000000     12.11010500      0.00000000
       3      54       1      2.01835100     14.12845600      0.00000000
       3      55       1      2.01835100     12.11010500      2.01835100
       3      56       1      0.00000000     14.12845600      2.01835100
       3      57       1      0.00000000     12.11010500      4.03670200
       3      58       1      2.01835100     14.12845600      4.03670200
       3      59       1      2.01835100     12.11010500      6.05505300
       3      60       1      0.00000000     14.12845600      6.05505300
       3      61       1      0.00000000     12.11010500      8.07340400
       3      62       1      2.01835100     14.12845600      8.07340400
       3      63       1      2.01835100     12.11010500     10.09175400
       3      64       1      0.00000000     14.12845600     10.09175400
       3      65       1      0.00000000     12.11010500     12.11010500
       3      66       1      2.01835100     14.12845600     12.11010500
       3      67       1      2.01835100     12.11010500     14.12845600
       3      68       1      0.00000000     14.12845600     14.12845600
       3      69       1      4.03670200      0.00000000      4.03670200
       3      70       1      6.05505300      2.01835100      4.03670200
       3      71       1      6.05505300      0.00000000      6.05505300
       3      72       1      4.03670200      2.01835100      6.05505300
       3      73       1      4.03670200      0.00000000      8.07340400
       3      74       1      6.05505300      2.01835100      8.07340400
       3      75       1      6.05505300      0.00000000     10.09175400
       3      76       1      4.03670200      2.01835100     10.09175400
       3      77       1      4.03670200      0.00000000     12.11010500
       3      78       1      6.05505300      2.01835100     12.11010500
       3      79       1      6.05505300      0.00000000     14.12845600
       3      80       1      4.03670200      2.01835100     14.12845600
       3      81       1      4.03670200      4.03670200      0.00000000
       3      82       1      6.05505300      6.05505300      0.00000000
       3      83       1      6.05505300      4.03670200      2.01835100
       3      84       1      4.03670200      6.05505300      2.01835100
       3      85       1      4.03670200      4.03670200      4.03670200
       3      86       1      6.05505300      6.05505300      4.03670200
       3      87       1      6.05505300      4.03670200      6.05505300
       3      88       1      4.03670200      6.05505300      6.05505300
       3      89       1      4.03670200      4.03670200      8.07340400
       3      90       1      6.05505300      6.05505300      8.07340400
       3      91       1      6.05505300      4.03670200     10.09175400
       3      92       1      4.03670200      6.05505300     10.09175400
       3      93       1      4.03670200      4.03670200     12.11010500
       3      94       1      6.05505300      6.05505300     12.11010500
       3      95       1      6.05505300      4.03670200     14.12845600
       3      96       1      4.03670200      6.05505300     14.12845600
       3      97       1      4.03670200      8.07340400      0.00000000
       3      98       1      6.05505300     10.09175400      0.00000000
       3      99       1      6.05505300      8.07340400      2.01835100
       3     100       1      4.03670200     10.09175400      2.01835100
       3     101       1      4.03670200      8.07340400      4.03670200
       3     102       1      6.05505300     10.09175400      4.03670200
       3     103       1      6.05505300      8.07340400      6.05505300
       3     104       1      4.03670200     10.09175400      6.05505300
       3     105       1      4.03670200      8.07340400      8.07340400
       3     106       1      6.05505300     10.09175400      8.07340400
       3     107       1      6.05505300      8.07340400     10.09175400
       3     108       1      4.03670200     10.09175400     10.09175400
       3     109       1      4.03670200      8.07340400     12.11010500
       3     110       1      6.05505300     10.09175400     12.11010500
       3     111       1      6.05505300      8.07340400     14.12845600
       3     112       1      4.03670200     10.09175400     14.12845600
       3     113       1      4.03670200     12.11010500      0.00000000
       3     114       1      6.05505300     14.12845600      0.00000000
       3     115       1      6.05505300     12.11010500      2.01835100
       3     116       1      4.03670200     14.12845600      2.01835100
       3     117       1      4.03670200     12.11010500      4.03670200
       3     118       1      6.05505300     14.12845600      4.03670200
       3     119       1      6.05505300     12.11010500      6.05505300
       3     120       1      4.03670200     14.12845600      6.05505300
       3     121       1      4.03670200     12.11010500      8.07340400
       3     122       1      6.05505300     14.12845600      8.07340400
       3     123       1      6.05505300     12.11010500     10.09175400
       3     124       1      4.03670200     14.12845600     10.09175400
       3     125       1      4.03670200     12.11010500     12.11010500
       3     126       1      6.05505300     14.12845600     12.11010500
       3     127       1      6.05505300     12.11010500     14.12845600
       3     128       1      4.03670200     14.12845600     14.12845600
       3     129       1      8.07340400      0.00000000      0.00000000
       3     130       1     10.09175400      2.01835100      0.00000000
       3     131       1     10.09175400      0.00000000      2.01835100
       3     132       1      8.07340400      2.01835100      2.01835100
       3     133       1      8.07340400      0.00000000      4.03670200
       3     134       1     10.09175400      2.01835100      4.03670200
       3     135       1     10.09175400      0.00000000      6.05505300
       3     136       1      8.07340400      2.01835100      6.05505300
       3     137       1      8.07340400      0.00000000      8.07340400
       3     138       1     10.09175400      2.01835100      8.07340400
       3     139       1     10.09175400      0.00000000     10.09175400
       3     140       1      8.07340400      2.01835100     10.09175400
       3     141       1      8.07340400      0.00000000     12.11010500
       3     142       1     10.09175400      2.01835100     12.11010500
       3     143       1     10.09175400      0.00000000     14.12845600
       3     144       1      8.07340400      2.01835100     14.12845600
       3     145       1      8.07340400      4.03670200      0.00000000
       3     146       1     10.09175400      6.05505300      0.00000000
       3     147       1     10.09175400      4.03670200      2.01835100
       3     148       1      8.07340400      6.05505300      2.01835100
       3     149       1      8.07340400      4.03670200      4.03670200
       3     150       1     10.09175400      6.05505300      4.03670200
       3     151       1     10.09175400      4.03670200      6.05505300
       3     152       1      8.07340400      6.05505300      6.05505300
       3     153       1      8.07340400      4.03670200      8.07340400
       3     154       1     10.09175400      6.05505300      8.07340400
       3     155       1     10.09175400      4.03670200     10.09175400
       3     156       1      8.07340400      6.05505300     10.09175400
       3     157       1      8.07340400      4.03670200     12.11010500
       3     158       1     10.09175400      6.05505300     12.11010500
       3     159       1     10.09175400      4.03670200     14.12845600
       3     160       1      8.07340400      6.05505300     14.12845600
       3     161       1      8.07340400      8.07340400      0.00000000
       3     162       1     10.09175400     10.09175400      0.00000000
       3     163       1     10.09175400      8.07340400      2.01835100
       3     164       1      8.07340400     10.09175400      2.01835100
       3     165       1      8.07340400      8.07340400      4.03670200
       3     166       1     10.09175400     10.09175400      4.03670200
       3     167       1     10.09175400      8.07340400      6.05505300
       3     168       1      8.07340400     10.09175400      6.05505300
       3     169       1      8.07340400      8.07340400      8.07340400
       3     170       1     10.09175400     10.09175400      8.07340400
       3     171       1     10.09175400      8.07340400     10.09175400
       3     172       1      8.07340400     10.09175400     10.09175400
       3     173       1      8.07340400      8.07340400     12.11010500
       3     174       1     10.09175400     10.09175400     12.11010500
       3     175       1     10.09175400      8.07340400     14.12845600
       3     176       1      8.07340400     10.09175400     14.12845600
       3     177       1      8.07340400     12.11010500      0.00000000
       3     178       1     10.09175400     14.12845600      0.00000000
       3     179       1     10.09175400     12.11010500      2.01835100
       3     180       1      8.07340400     14.12845600      2.01835100
       3     181       1      8.07340400     12.11010500      4.03670200
       3     182       1     10.09175400     14.12845600      4.03670200
       3     183       1     10.09175400     12.11010500      6.05505300
       3     184       1      8.07340400     14.12845600      6.05505300
       3     185       1      8.07340400     12.11010500      8.07340400
       3     186       1     10.09175400     14.12845600      8.07340400
       3     187       1     10.09175400     12.11010500     10.09175400
       3     188       1      8.07340400     14.12845600     10.09175400
       3     189       1      8.07340400     12.11010500     12.11010500
       3     190       1     10.09175400     14.12845600     12.11010500
       3     191       1     10.09175400     12.11010500     14.12845600
       3     192       1      8.07340400     14.12845600     14.12845600
       3     193       1     12.11010500      0.00000000      0.00000000
       3     194       1     14.12845600      2.01835100      0.00000000
       3     195       1     14.12845600      0.00000000      2.01835100
       3     196       1     12.11010500      2.01835100      2.01835100
       3     197       1     12.11010500      0.00000000      4.03670200
       3     198       1     14.12845600      2.01835100      4.03670200
       3     199       1     14.12845600      0.00000000      6.05505300
       3     200       1     12.11010500      2.01835100      6.05505300
       3     201       1     12.11010500      0.00000000      8.07340400
       3     202       1     14.12845600      2.01835100      8.07340400
       3     203       1     14.12845600      0.00000000     10.09175400
       3     204       1     12.11010500      2.01835100     10.09175400
       3     205       1     12.11010500      0.00000000     12.11010500
       3     206       1     14.12845600      2.01835100     12.11010500
       3     207       1     14.12845600      0.00000000     14.12845600
       3     208       1     12.11010500      2.01835100     14.12845600
       3     209       1     12.11010500      4.03670200      0.00000000
       3     210       1     14.12845600      6.05505300      0.00000000
       3     211       1     14.12845600      4.03670200      2.01835100
       3     212       1     12.11010500      6.05505300      2.01835100
       3     213       1     12.11010500      4.03670200      4.03670200
       3     214       1     14.12845600      6.05505300      4.03670200
       3     215       1     14.12845600      4.03670200      6.05505300
       3     216       1     12.11010500      6.05505300      6.05505300
       3     217       1     12.11010500      4.03670200      8.07340400
       3     218       1     14.12845600      6.05505300      8.07340400
       3     219       1     14.12845600      4.03670200     10.09175400
       3     220       1     12.11010500      6.05505300     10.09175400
       3     221       1     12.11010500      4.03670200     12.11010500
       3     222       1     14.12845600      6.05505300     12.11010500
       3     223       1     14.12845600      4.03670200     14.12845600
       3     224       1     12.11010500      6.05505300     14.12845600
       3     225       1     12.11010500      8.07340400      0.00000000
       3     226       1     14.12845600     10.09175400      0.00000000
       3     227       1     14.12845600      8.07340400      2.01835100
       3     228       1     12.11010500     10.09175400      2.01835100
       3     229       1     12.11010500      8.07340400      4.03670200
       3     230       1     14.12845600     10.09175400      4.03670200
       3     231       1     14.12845600      8.07340400      6.05505300
       3     232       1     12.11010500     10.09175400      6.05505300
       3     233       1     12.11010500      8.07340400      8.07340400
       3     234       1     14.12845600     10.09175400      8.07340400
       3     235       1     14.12845600      8.07340400     10.09175400
       3     236       1     12.11010500     10.09175400     10.09175400
       3     237       1     12.11010500      8.07340400     12.11010500
       3     238       1     14.12845600     10.09175400     12.11010500
       3     239       1     14.12845600      8.07340400     14.12845600
       3     240       1     12.11010500     10.09175400     14.12845600
       3     241       1     12.11010500     12.11010500      0.00000000
       3     242       1     14.12845600     14.12845600      0.00000000
       3     243       1     14.12845600     12.11010500      2.01835100
       3     244       1     12.11010500     14.12845600      2.01835100
       3     245       1     12.11010500     12.11010500      4.03670200
       3     246       1     14.12845600     14.12845600      4.03670200
       3     247       1     14.12845600     12.11010500      6.05505300
       3     248       1     12.11010500     14.12845600      6.05505300
       3     249       1     12.11010500     12.11010500      8.07340400
       3     250       1     14.12845600     14.12845600      8.07340400
       3     251       1     14.12845600     12.11010500     10.09175400
       3     252       1     12.11010500     14.12845600     10.09175400
       3     253       1     12.11010500     12.11010500     12.11010500
       3     254       1     14.12845600     14.12845600     12.11010500
       3     255       1     14.12845600     12.11010500     14.12845600
       3     256       1     12.11010500     14.12845600     14.12845600
