  1024
  2.719 8.0 8.0 8.0
1     0.0000000   0.0000000   0.0000000
1     0.3333333   0.6666667   0.5000000
1     0.0000000   0.0000000   1.0000000
1     0.3333333   0.6666667   1.5000000
1     0.0000000   0.0000000   2.0000000
1     0.3333333   0.6666667   2.5000000
1     0.0000000   0.0000000   3.0000000
1     0.3333333   0.6666667   3.5000000
1     0.0000000   0.0000000   4.0000000
1     0.3333333   0.6666667   4.5000000
1     0.0000000   0.0000000   5.0000000
1     0.3333333   0.6666667   5.5000000
1     0.0000000   0.0000000   6.0000000
1     0.3333333   0.6666667   6.5000000
1     0.0000000   0.0000000   7.0000000
1     0.3333333   0.6666667   7.5000000
1     0.0000000   1.0000000   0.0000000
1     0.3333333   1.6666667   0.5000000
1     0.0000000   1.0000000   1.0000000
1     0.3333333   1.6666667   1.5000000
1     0.0000000   1.0000000   2.0000000
1     0.3333333   1.6666667   2.5000000
1     0.0000000   1.0000000   3.0000000
1     0.3333333   1.6666667   3.5000000
1     0.0000000   1.0000000   4.0000000
1     0.3333333   1.6666667   4.5000000
1     0.0000000   1.0000000   5.0000000
1     0.3333333   1.6666667   5.5000000
1     0.0000000   1.0000000   6.0000000
1     0.3333333   1.6666667   6.5000000
1     0.0000000   1.0000000   7.0000000
1     0.3333333   1.6666667   7.5000000
1     0.0000000   2.0000000   0.0000000
1     0.3333333   2.6666667   0.5000000
1     0.0000000   2.0000000   1.0000000
1     0.3333333   2.6666667   1.5000000
1     0.0000000   2.0000000   2.0000000
1     0.3333333   2.6666667   2.5000000
1     0.0000000   2.0000000   3.0000000
1     0.3333333   2.6666667   3.5000000
1     0.0000000   2.0000000   4.0000000
1     0.3333333   2.6666667   4.5000000
1     0.0000000   2.0000000   5.0000000
1     0.3333333   2.6666667   5.5000000
1     0.0000000   2.0000000   6.0000000
1     0.3333333   2.6666667   6.5000000
1     0.0000000   2.0000000   7.0000000
1     0.3333333   2.6666667   7.5000000
1     0.0000000   3.0000000   0.0000000
1     0.3333333   3.6666667   0.5000000
1     0.0000000   3.0000000   1.0000000
1     0.3333333   3.6666667   1.5000000
1     0.0000000   3.0000000   2.0000000
1     0.3333333   3.6666667   2.5000000
1     0.0000000   3.0000000   3.0000000
1     0.3333333   3.6666667   3.5000000
1     0.0000000   3.0000000   4.0000000
1     0.3333333   3.6666667   4.5000000
1     0.0000000   3.0000000   5.0000000
1     0.3333333   3.6666667   5.5000000
1     0.0000000   3.0000000   6.0000000
1     0.3333333   3.6666667   6.5000000
1     0.0000000   3.0000000   7.0000000
1     0.3333333   3.6666667   7.5000000
1     0.0000000   4.0000000   0.0000000
1     0.3333333   4.6666667   0.5000000
1     0.0000000   4.0000000   1.0000000
1     0.3333333   4.6666667   1.5000000
1     0.0000000   4.0000000   2.0000000
1     0.3333333   4.6666667   2.5000000
1     0.0000000   4.0000000   3.0000000
1     0.3333333   4.6666667   3.5000000
1     0.0000000   4.0000000   4.0000000
1     0.3333333   4.6666667   4.5000000
1     0.0000000   4.0000000   5.0000000
1     0.3333333   4.6666667   5.5000000
1     0.0000000   4.0000000   6.0000000
1     0.3333333   4.6666667   6.5000000
1     0.0000000   4.0000000   7.0000000
1     0.3333333   4.6666667   7.5000000
1     0.0000000   5.0000000   0.0000000
1     0.3333333   5.6666667   0.5000000
1     0.0000000   5.0000000   1.0000000
1     0.3333333   5.6666667   1.5000000
1     0.0000000   5.0000000   2.0000000
1     0.3333333   5.6666667   2.5000000
1     0.0000000   5.0000000   3.0000000
1     0.3333333   5.6666667   3.5000000
1     0.0000000   5.0000000   4.0000000
1     0.3333333   5.6666667   4.5000000
1     0.0000000   5.0000000   5.0000000
1     0.3333333   5.6666667   5.5000000
1     0.0000000   5.0000000   6.0000000
1     0.3333333   5.6666667   6.5000000
1     0.0000000   5.0000000   7.0000000
1     0.3333333   5.6666667   7.5000000
1     0.0000000   6.0000000   0.0000000
1     0.3333333   6.6666667   0.5000000
1     0.0000000   6.0000000   1.0000000
1     0.3333333   6.6666667   1.5000000
1     0.0000000   6.0000000   2.0000000
1     0.3333333   6.6666667   2.5000000
1     0.0000000   6.0000000   3.0000000
1     0.3333333   6.6666667   3.5000000
1     0.0000000   6.0000000   4.0000000
1     0.3333333   6.6666667   4.5000000
1     0.0000000   6.0000000   5.0000000
1     0.3333333   6.6666667   5.5000000
1     0.0000000   6.0000000   6.0000000
1     0.3333333   6.6666667   6.5000000
1     0.0000000   6.0000000   7.0000000
1     0.3333333   6.6666667   7.5000000
1     0.0000000   7.0000000   0.0000000
1     0.3333333   7.6666667   0.5000000
1     0.0000000   7.0000000   1.0000000
1     0.3333333   7.6666667   1.5000000
1     0.0000000   7.0000000   2.0000000
1     0.3333333   7.6666667   2.5000000
1     0.0000000   7.0000000   3.0000000
1     0.3333333   7.6666667   3.5000000
1     0.0000000   7.0000000   4.0000000
1     0.3333333   7.6666667   4.5000000
1     0.0000000   7.0000000   5.0000000
1     0.3333333   7.6666667   5.5000000
1     0.0000000   7.0000000   6.0000000
1     0.3333333   7.6666667   6.5000000
1     0.0000000   7.0000000   7.0000000
1     0.3333333   7.6666667   7.5000000
1     1.0000000   0.0000000   0.0000000
1     1.3333333   0.6666667   0.5000000
1     1.0000000   0.0000000   1.0000000
1     1.3333333   0.6666667   1.5000000
1     1.0000000   0.0000000   2.0000000
1     1.3333333   0.6666667   2.5000000
1     1.0000000   0.0000000   3.0000000
1     1.3333333   0.6666667   3.5000000
1     1.0000000   0.0000000   4.0000000
1     1.3333333   0.6666667   4.5000000
1     1.0000000   0.0000000   5.0000000
1     1.3333333   0.6666667   5.5000000
1     1.0000000   0.0000000   6.0000000
1     1.3333333   0.6666667   6.5000000
1     1.0000000   0.0000000   7.0000000
1     1.3333333   0.6666667   7.5000000
1     1.0000000   1.0000000   0.0000000
1     1.3333333   1.6666667   0.5000000
1     1.0000000   1.0000000   1.0000000
1     1.3333333   1.6666667   1.5000000
1     1.0000000   1.0000000   2.0000000
1     1.3333333   1.6666667   2.5000000
1     1.0000000   1.0000000   3.0000000
1     1.3333333   1.6666667   3.5000000
1     1.0000000   1.0000000   4.0000000
1     1.3333333   1.6666667   4.5000000
1     1.0000000   1.0000000   5.0000000
1     1.3333333   1.6666667   5.5000000
1     1.0000000   1.0000000   6.0000000
1     1.3333333   1.6666667   6.5000000
1     1.0000000   1.0000000   7.0000000
1     1.3333333   1.6666667   7.5000000
1     1.0000000   2.0000000   0.0000000
1     1.3333333   2.6666667   0.5000000
1     1.0000000   2.0000000   1.0000000
1     1.3333333   2.6666667   1.5000000
1     1.0000000   2.0000000   2.0000000
1     1.3333333   2.6666667   2.5000000
1     1.0000000   2.0000000   3.0000000
1     1.3333333   2.6666667   3.5000000
1     1.0000000   2.0000000   4.0000000
1     1.3333333   2.6666667   4.5000000
1     1.0000000   2.0000000   5.0000000
1     1.3333333   2.6666667   5.5000000
1     1.0000000   2.0000000   6.0000000
1     1.3333333   2.6666667   6.5000000
1     1.0000000   2.0000000   7.0000000
1     1.3333333   2.6666667   7.5000000
1     1.0000000   3.0000000   0.0000000
1     1.3333333   3.6666667   0.5000000
1     1.0000000   3.0000000   1.0000000
1     1.3333333   3.6666667   1.5000000
1     1.0000000   3.0000000   2.0000000
1     1.3333333   3.6666667   2.5000000
1     1.0000000   3.0000000   3.0000000
1     1.3333333   3.6666667   3.5000000
1     1.0000000   3.0000000   4.0000000
1     1.3333333   3.6666667   4.5000000
1     1.0000000   3.0000000   5.0000000
1     1.3333333   3.6666667   5.5000000
1     1.0000000   3.0000000   6.0000000
1     1.3333333   3.6666667   6.5000000
1     1.0000000   3.0000000   7.0000000
1     1.3333333   3.6666667   7.5000000
1     1.0000000   4.0000000   0.0000000
1     1.3333333   4.6666667   0.5000000
1     1.0000000   4.0000000   1.0000000
1     1.3333333   4.6666667   1.5000000
1     1.0000000   4.0000000   2.0000000
1     1.3333333   4.6666667   2.5000000
1     1.0000000   4.0000000   3.0000000
1     1.3333333   4.6666667   3.5000000
1     1.0000000   4.0000000   4.0000000
1     1.3333333   4.6666667   4.5000000
1     1.0000000   4.0000000   5.0000000
1     1.3333333   4.6666667   5.5000000
1     1.0000000   4.0000000   6.0000000
1     1.3333333   4.6666667   6.5000000
1     1.0000000   4.0000000   7.0000000
1     1.3333333   4.6666667   7.5000000
1     1.0000000   5.0000000   0.0000000
1     1.3333333   5.6666667   0.5000000
1     1.0000000   5.0000000   1.0000000
1     1.3333333   5.6666667   1.5000000
1     1.0000000   5.0000000   2.0000000
1     1.3333333   5.6666667   2.5000000
1     1.0000000   5.0000000   3.0000000
1     1.3333333   5.6666667   3.5000000
1     1.0000000   5.0000000   4.0000000
1     1.3333333   5.6666667   4.5000000
1     1.0000000   5.0000000   5.0000000
1     1.3333333   5.6666667   5.5000000
1     1.0000000   5.0000000   6.0000000
1     1.3333333   5.6666667   6.5000000
1     1.0000000   5.0000000   7.0000000
1     1.3333333   5.6666667   7.5000000
1     1.0000000   6.0000000   0.0000000
1     1.3333333   6.6666667   0.5000000
1     1.0000000   6.0000000   1.0000000
1     1.3333333   6.6666667   1.5000000
1     1.0000000   6.0000000   2.0000000
1     1.3333333   6.6666667   2.5000000
1     1.0000000   6.0000000   3.0000000
1     1.3333333   6.6666667   3.5000000
1     1.0000000   6.0000000   4.0000000
1     1.3333333   6.6666667   4.5000000
1     1.0000000   6.0000000   5.0000000
1     1.3333333   6.6666667   5.5000000
1     1.0000000   6.0000000   6.0000000
1     1.3333333   6.6666667   6.5000000
1     1.0000000   6.0000000   7.0000000
1     1.3333333   6.6666667   7.5000000
1     1.0000000   7.0000000   0.0000000
1     1.3333333   7.6666667   0.5000000
1     1.0000000   7.0000000   1.0000000
1     1.3333333   7.6666667   1.5000000
1     1.0000000   7.0000000   2.0000000
1     1.3333333   7.6666667   2.5000000
1     1.0000000   7.0000000   3.0000000
1     1.3333333   7.6666667   3.5000000
1     1.0000000   7.0000000   4.0000000
1     1.3333333   7.6666667   4.5000000
1     1.0000000   7.0000000   5.0000000
1     1.3333333   7.6666667   5.5000000
1     1.0000000   7.0000000   6.0000000
1     1.3333333   7.6666667   6.5000000
1     1.0000000   7.0000000   7.0000000
1     1.3333333   7.6666667   7.5000000
1     2.0000000   0.0000000   0.0000000
1     2.3333333   0.6666667   0.5000000
1     2.0000000   0.0000000   1.0000000
1     2.3333333   0.6666667   1.5000000
1     2.0000000   0.0000000   2.0000000
1     2.3333333   0.6666667   2.5000000
1     2.0000000   0.0000000   3.0000000
1     2.3333333   0.6666667   3.5000000
1     2.0000000   0.0000000   4.0000000
1     2.3333333   0.6666667   4.5000000
1     2.0000000   0.0000000   5.0000000
1     2.3333333   0.6666667   5.5000000
1     2.0000000   0.0000000   6.0000000
1     2.3333333   0.6666667   6.5000000
1     2.0000000   0.0000000   7.0000000
1     2.3333333   0.6666667   7.5000000
1     2.0000000   1.0000000   0.0000000
1     2.3333333   1.6666667   0.5000000
1     2.0000000   1.0000000   1.0000000
1     2.3333333   1.6666667   1.5000000
1     2.0000000   1.0000000   2.0000000
1     2.3333333   1.6666667   2.5000000
1     2.0000000   1.0000000   3.0000000
1     2.3333333   1.6666667   3.5000000
1     2.0000000   1.0000000   4.0000000
1     2.3333333   1.6666667   4.5000000
1     2.0000000   1.0000000   5.0000000
1     2.3333333   1.6666667   5.5000000
1     2.0000000   1.0000000   6.0000000
1     2.3333333   1.6666667   6.5000000
1     2.0000000   1.0000000   7.0000000
1     2.3333333   1.6666667   7.5000000
1     2.0000000   2.0000000   0.0000000
1     2.3333333   2.6666667   0.5000000
1     2.0000000   2.0000000   1.0000000
1     2.3333333   2.6666667   1.5000000
1     2.0000000   2.0000000   2.0000000
1     2.3333333   2.6666667   2.5000000
1     2.0000000   2.0000000   3.0000000
1     2.3333333   2.6666667   3.5000000
1     2.0000000   2.0000000   4.0000000
1     2.3333333   2.6666667   4.5000000
1     2.0000000   2.0000000   5.0000000
1     2.3333333   2.6666667   5.5000000
1     2.0000000   2.0000000   6.0000000
1     2.3333333   2.6666667   6.5000000
1     2.0000000   2.0000000   7.0000000
1     2.3333333   2.6666667   7.5000000
1     2.0000000   3.0000000   0.0000000
1     2.3333333   3.6666667   0.5000000
1     2.0000000   3.0000000   1.0000000
1     2.3333333   3.6666667   1.5000000
1     2.0000000   3.0000000   2.0000000
1     2.3333333   3.6666667   2.5000000
1     2.0000000   3.0000000   3.0000000
1     2.3333333   3.6666667   3.5000000
1     2.0000000   3.0000000   4.0000000
1     2.3333333   3.6666667   4.5000000
1     2.0000000   3.0000000   5.0000000
1     2.3333333   3.6666667   5.5000000
1     2.0000000   3.0000000   6.0000000
1     2.3333333   3.6666667   6.5000000
1     2.0000000   3.0000000   7.0000000
1     2.3333333   3.6666667   7.5000000
1     2.0000000   4.0000000   0.0000000
1     2.3333333   4.6666667   0.5000000
1     2.0000000   4.0000000   1.0000000
1     2.3333333   4.6666667   1.5000000
1     2.0000000   4.0000000   2.0000000
1     2.3333333   4.6666667   2.5000000
1     2.0000000   4.0000000   3.0000000
1     2.3333333   4.6666667   3.5000000
1     2.0000000   4.0000000   4.0000000
1     2.3333333   4.6666667   4.5000000
1     2.0000000   4.0000000   5.0000000
1     2.3333333   4.6666667   5.5000000
1     2.0000000   4.0000000   6.0000000
1     2.3333333   4.6666667   6.5000000
1     2.0000000   4.0000000   7.0000000
1     2.3333333   4.6666667   7.5000000
1     2.0000000   5.0000000   0.0000000
1     2.3333333   5.6666667   0.5000000
1     2.0000000   5.0000000   1.0000000
1     2.3333333   5.6666667   1.5000000
1     2.0000000   5.0000000   2.0000000
1     2.3333333   5.6666667   2.5000000
1     2.0000000   5.0000000   3.0000000
1     2.3333333   5.6666667   3.5000000
1     2.0000000   5.0000000   4.0000000
1     2.3333333   5.6666667   4.5000000
1     2.0000000   5.0000000   5.0000000
1     2.3333333   5.6666667   5.5000000
1     2.0000000   5.0000000   6.0000000
1     2.3333333   5.6666667   6.5000000
1     2.0000000   5.0000000   7.0000000
1     2.3333333   5.6666667   7.5000000
1     2.0000000   6.0000000   0.0000000
1     2.3333333   6.6666667   0.5000000
1     2.0000000   6.0000000   1.0000000
1     2.3333333   6.6666667   1.5000000
1     2.0000000   6.0000000   2.0000000
1     2.3333333   6.6666667   2.5000000
1     2.0000000   6.0000000   3.0000000
1     2.3333333   6.6666667   3.5000000
1     2.0000000   6.0000000   4.0000000
1     2.3333333   6.6666667   4.5000000
1     2.0000000   6.0000000   5.0000000
1     2.3333333   6.6666667   5.5000000
1     2.0000000   6.0000000   6.0000000
1     2.3333333   6.6666667   6.5000000
1     2.0000000   6.0000000   7.0000000
1     2.3333333   6.6666667   7.5000000
1     2.0000000   7.0000000   0.0000000
1     2.3333333   7.6666667   0.5000000
1     2.0000000   7.0000000   1.0000000
1     2.3333333   7.6666667   1.5000000
1     2.0000000   7.0000000   2.0000000
1     2.3333333   7.6666667   2.5000000
1     2.0000000   7.0000000   3.0000000
1     2.3333333   7.6666667   3.5000000
1     2.0000000   7.0000000   4.0000000
1     2.3333333   7.6666667   4.5000000
1     2.0000000   7.0000000   5.0000000
1     2.3333333   7.6666667   5.5000000
1     2.0000000   7.0000000   6.0000000
1     2.3333333   7.6666667   6.5000000
1     2.0000000   7.0000000   7.0000000
1     2.3333333   7.6666667   7.5000000
1     3.0000000   0.0000000   0.0000000
1     3.3333333   0.6666667   0.5000000
1     3.0000000   0.0000000   1.0000000
1     3.3333333   0.6666667   1.5000000
1     3.0000000   0.0000000   2.0000000
1     3.3333333   0.6666667   2.5000000
1     3.0000000   0.0000000   3.0000000
1     3.3333333   0.6666667   3.5000000
1     3.0000000   0.0000000   4.0000000
1     3.3333333   0.6666667   4.5000000
1     3.0000000   0.0000000   5.0000000
1     3.3333333   0.6666667   5.5000000
1     3.0000000   0.0000000   6.0000000
1     3.3333333   0.6666667   6.5000000
1     3.0000000   0.0000000   7.0000000
1     3.3333333   0.6666667   7.5000000
1     3.0000000   1.0000000   0.0000000
1     3.3333333   1.6666667   0.5000000
1     3.0000000   1.0000000   1.0000000
1     3.3333333   1.6666667   1.5000000
1     3.0000000   1.0000000   2.0000000
1     3.3333333   1.6666667   2.5000000
1     3.0000000   1.0000000   3.0000000
1     3.3333333   1.6666667   3.5000000
1     3.0000000   1.0000000   4.0000000
1     3.3333333   1.6666667   4.5000000
1     3.0000000   1.0000000   5.0000000
1     3.3333333   1.6666667   5.5000000
1     3.0000000   1.0000000   6.0000000
1     3.3333333   1.6666667   6.5000000
1     3.0000000   1.0000000   7.0000000
1     3.3333333   1.6666667   7.5000000
1     3.0000000   2.0000000   0.0000000
1     3.3333333   2.6666667   0.5000000
1     3.0000000   2.0000000   1.0000000
1     3.3333333   2.6666667   1.5000000
1     3.0000000   2.0000000   2.0000000
1     3.3333333   2.6666667   2.5000000
1     3.0000000   2.0000000   3.0000000
1     3.3333333   2.6666667   3.5000000
1     3.0000000   2.0000000   4.0000000
1     3.3333333   2.6666667   4.5000000
1     3.0000000   2.0000000   5.0000000
1     3.3333333   2.6666667   5.5000000
1     3.0000000   2.0000000   6.0000000
1     3.3333333   2.6666667   6.5000000
1     3.0000000   2.0000000   7.0000000
1     3.3333333   2.6666667   7.5000000
1     3.0000000   3.0000000   0.0000000
1     3.3333333   3.6666667   0.5000000
1     3.0000000   3.0000000   1.0000000
1     3.3333333   3.6666667   1.5000000
1     3.0000000   3.0000000   2.0000000
1     3.3333333   3.6666667   2.5000000
1     3.0000000   3.0000000   3.0000000
1     3.3333333   3.6666667   3.5000000
1     3.0000000   3.0000000   4.0000000
1     3.3333333   3.6666667   4.5000000
1     3.0000000   3.0000000   5.0000000
1     3.3333333   3.6666667   5.5000000
1     3.0000000   3.0000000   6.0000000
1     3.3333333   3.6666667   6.5000000
1     3.0000000   3.0000000   7.0000000
1     3.3333333   3.6666667   7.5000000
1     3.0000000   4.0000000   0.0000000
1     3.3333333   4.6666667   0.5000000
1     3.0000000   4.0000000   1.0000000
1     3.3333333   4.6666667   1.5000000
1     3.0000000   4.0000000   2.0000000
1     3.3333333   4.6666667   2.5000000
1     3.0000000   4.0000000   3.0000000
1     3.3333333   4.6666667   3.5000000
1     3.0000000   4.0000000   4.0000000
1     3.3333333   4.6666667   4.5000000
1     3.0000000   4.0000000   5.0000000
1     3.3333333   4.6666667   5.5000000
1     3.0000000   4.0000000   6.0000000
1     3.3333333   4.6666667   6.5000000
1     3.0000000   4.0000000   7.0000000
1     3.3333333   4.6666667   7.5000000
1     3.0000000   5.0000000   0.0000000
1     3.3333333   5.6666667   0.5000000
1     3.0000000   5.0000000   1.0000000
1     3.3333333   5.6666667   1.5000000
1     3.0000000   5.0000000   2.0000000
1     3.3333333   5.6666667   2.5000000
1     3.0000000   5.0000000   3.0000000
1     3.3333333   5.6666667   3.5000000
1     3.0000000   5.0000000   4.0000000
1     3.3333333   5.6666667   4.5000000
1     3.0000000   5.0000000   5.0000000
1     3.3333333   5.6666667   5.5000000
1     3.0000000   5.0000000   6.0000000
1     3.3333333   5.6666667   6.5000000
1     3.0000000   5.0000000   7.0000000
1     3.3333333   5.6666667   7.5000000
1     3.0000000   6.0000000   0.0000000
1     3.3333333   6.6666667   0.5000000
1     3.0000000   6.0000000   1.0000000
1     3.3333333   6.6666667   1.5000000
1     3.0000000   6.0000000   2.0000000
1     3.3333333   6.6666667   2.5000000
1     3.0000000   6.0000000   3.0000000
1     3.3333333   6.6666667   3.5000000
1     3.0000000   6.0000000   4.0000000
1     3.3333333   6.6666667   4.5000000
1     3.0000000   6.0000000   5.0000000
1     3.3333333   6.6666667   5.5000000
1     3.0000000   6.0000000   6.0000000
1     3.3333333   6.6666667   6.5000000
1     3.0000000   6.0000000   7.0000000
1     3.3333333   6.6666667   7.5000000
1     3.0000000   7.0000000   0.0000000
1     3.3333333   7.6666667   0.5000000
1     3.0000000   7.0000000   1.0000000
1     3.3333333   7.6666667   1.5000000
1     3.0000000   7.0000000   2.0000000
1     3.3333333   7.6666667   2.5000000
1     3.0000000   7.0000000   3.0000000
1     3.3333333   7.6666667   3.5000000
1     3.0000000   7.0000000   4.0000000
1     3.3333333   7.6666667   4.5000000
1     3.0000000   7.0000000   5.0000000
1     3.3333333   7.6666667   5.5000000
1     3.0000000   7.0000000   6.0000000
1     3.3333333   7.6666667   6.5000000
1     3.0000000   7.0000000   7.0000000
1     3.3333333   7.6666667   7.5000000
1     4.0000000   0.0000000   0.0000000
1     4.3333333   0.6666667   0.5000000
1     4.0000000   0.0000000   1.0000000
1     4.3333333   0.6666667   1.5000000
1     4.0000000   0.0000000   2.0000000
1     4.3333333   0.6666667   2.5000000
1     4.0000000   0.0000000   3.0000000
1     4.3333333   0.6666667   3.5000000
1     4.0000000   0.0000000   4.0000000
1     4.3333333   0.6666667   4.5000000
1     4.0000000   0.0000000   5.0000000
1     4.3333333   0.6666667   5.5000000
1     4.0000000   0.0000000   6.0000000
1     4.3333333   0.6666667   6.5000000
1     4.0000000   0.0000000   7.0000000
1     4.3333333   0.6666667   7.5000000
1     4.0000000   1.0000000   0.0000000
1     4.3333333   1.6666667   0.5000000
1     4.0000000   1.0000000   1.0000000
1     4.3333333   1.6666667   1.5000000
1     4.0000000   1.0000000   2.0000000
1     4.3333333   1.6666667   2.5000000
1     4.0000000   1.0000000   3.0000000
1     4.3333333   1.6666667   3.5000000
1     4.0000000   1.0000000   4.0000000
1     4.3333333   1.6666667   4.5000000
1     4.0000000   1.0000000   5.0000000
1     4.3333333   1.6666667   5.5000000
1     4.0000000   1.0000000   6.0000000
1     4.3333333   1.6666667   6.5000000
1     4.0000000   1.0000000   7.0000000
1     4.3333333   1.6666667   7.5000000
1     4.0000000   2.0000000   0.0000000
1     4.3333333   2.6666667   0.5000000
1     4.0000000   2.0000000   1.0000000
1     4.3333333   2.6666667   1.5000000
1     4.0000000   2.0000000   2.0000000
1     4.3333333   2.6666667   2.5000000
1     4.0000000   2.0000000   3.0000000
1     4.3333333   2.6666667   3.5000000
1     4.0000000   2.0000000   4.0000000
1     4.3333333   2.6666667   4.5000000
1     4.0000000   2.0000000   5.0000000
1     4.3333333   2.6666667   5.5000000
1     4.0000000   2.0000000   6.0000000
1     4.3333333   2.6666667   6.5000000
1     4.0000000   2.0000000   7.0000000
1     4.3333333   2.6666667   7.5000000
1     4.0000000   3.0000000   0.0000000
1     4.3333333   3.6666667   0.5000000
1     4.0000000   3.0000000   1.0000000
1     4.3333333   3.6666667   1.5000000
1     4.0000000   3.0000000   2.0000000
1     4.3333333   3.6666667   2.5000000
1     4.0000000   3.0000000   3.0000000
1     4.3333333   3.6666667   3.5000000
1     4.0000000   3.0000000   4.0000000
1     4.3333333   3.6666667   4.5000000
1     4.0000000   3.0000000   5.0000000
1     4.3333333   3.6666667   5.5000000
1     4.0000000   3.0000000   6.0000000
1     4.3333333   3.6666667   6.5000000
1     4.0000000   3.0000000   7.0000000
1     4.3333333   3.6666667   7.5000000
1     4.0000000   4.0000000   0.0000000
1     4.3333333   4.6666667   0.5000000
1     4.0000000   4.0000000   1.0000000
1     4.3333333   4.6666667   1.5000000
1     4.0000000   4.0000000   2.0000000
1     4.3333333   4.6666667   2.5000000
1     4.0000000   4.0000000   3.0000000
1     4.3333333   4.6666667   3.5000000
1     4.0000000   4.0000000   4.0000000
1     4.3333333   4.6666667   4.5000000
1     4.0000000   4.0000000   5.0000000
1     4.3333333   4.6666667   5.5000000
1     4.0000000   4.0000000   6.0000000
1     4.3333333   4.6666667   6.5000000
1     4.0000000   4.0000000   7.0000000
1     4.3333333   4.6666667   7.5000000
1     4.0000000   5.0000000   0.0000000
1     4.3333333   5.6666667   0.5000000
1     4.0000000   5.0000000   1.0000000
1     4.3333333   5.6666667   1.5000000
1     4.0000000   5.0000000   2.0000000
1     4.3333333   5.6666667   2.5000000
1     4.0000000   5.0000000   3.0000000
1     4.3333333   5.6666667   3.5000000
1     4.0000000   5.0000000   4.0000000
1     4.3333333   5.6666667   4.5000000
1     4.0000000   5.0000000   5.0000000
1     4.3333333   5.6666667   5.5000000
1     4.0000000   5.0000000   6.0000000
1     4.3333333   5.6666667   6.5000000
1     4.0000000   5.0000000   7.0000000
1     4.3333333   5.6666667   7.5000000
1     4.0000000   6.0000000   0.0000000
1     4.3333333   6.6666667   0.5000000
1     4.0000000   6.0000000   1.0000000
1     4.3333333   6.6666667   1.5000000
1     4.0000000   6.0000000   2.0000000
1     4.3333333   6.6666667   2.5000000
1     4.0000000   6.0000000   3.0000000
1     4.3333333   6.6666667   3.5000000
1     4.0000000   6.0000000   4.0000000
1     4.3333333   6.6666667   4.5000000
1     4.0000000   6.0000000   5.0000000
1     4.3333333   6.6666667   5.5000000
1     4.0000000   6.0000000   6.0000000
1     4.3333333   6.6666667   6.5000000
1     4.0000000   6.0000000   7.0000000
1     4.3333333   6.6666667   7.5000000
1     4.0000000   7.0000000   0.0000000
1     4.3333333   7.6666667   0.5000000
1     4.0000000   7.0000000   1.0000000
1     4.3333333   7.6666667   1.5000000
1     4.0000000   7.0000000   2.0000000
1     4.3333333   7.6666667   2.5000000
1     4.0000000   7.0000000   3.0000000
1     4.3333333   7.6666667   3.5000000
1     4.0000000   7.0000000   4.0000000
1     4.3333333   7.6666667   4.5000000
1     4.0000000   7.0000000   5.0000000
1     4.3333333   7.6666667   5.5000000
1     4.0000000   7.0000000   6.0000000
1     4.3333333   7.6666667   6.5000000
1     4.0000000   7.0000000   7.0000000
1     4.3333333   7.6666667   7.5000000
1     5.0000000   0.0000000   0.0000000
1     5.3333333   0.6666667   0.5000000
1     5.0000000   0.0000000   1.0000000
1     5.3333333   0.6666667   1.5000000
1     5.0000000   0.0000000   2.0000000
1     5.3333333   0.6666667   2.5000000
1     5.0000000   0.0000000   3.0000000
1     5.3333333   0.6666667   3.5000000
1     5.0000000   0.0000000   4.0000000
1     5.3333333   0.6666667   4.5000000
1     5.0000000   0.0000000   5.0000000
1     5.3333333   0.6666667   5.5000000
1     5.0000000   0.0000000   6.0000000
1     5.3333333   0.6666667   6.5000000
1     5.0000000   0.0000000   7.0000000
1     5.3333333   0.6666667   7.5000000
1     5.0000000   1.0000000   0.0000000
1     5.3333333   1.6666667   0.5000000
1     5.0000000   1.0000000   1.0000000
1     5.3333333   1.6666667   1.5000000
1     5.0000000   1.0000000   2.0000000
1     5.3333333   1.6666667   2.5000000
1     5.0000000   1.0000000   3.0000000
1     5.3333333   1.6666667   3.5000000
1     5.0000000   1.0000000   4.0000000
1     5.3333333   1.6666667   4.5000000
1     5.0000000   1.0000000   5.0000000
1     5.3333333   1.6666667   5.5000000
1     5.0000000   1.0000000   6.0000000
1     5.3333333   1.6666667   6.5000000
1     5.0000000   1.0000000   7.0000000
1     5.3333333   1.6666667   7.5000000
1     5.0000000   2.0000000   0.0000000
1     5.3333333   2.6666667   0.5000000
1     5.0000000   2.0000000   1.0000000
1     5.3333333   2.6666667   1.5000000
1     5.0000000   2.0000000   2.0000000
1     5.3333333   2.6666667   2.5000000
1     5.0000000   2.0000000   3.0000000
1     5.3333333   2.6666667   3.5000000
1     5.0000000   2.0000000   4.0000000
1     5.3333333   2.6666667   4.5000000
1     5.0000000   2.0000000   5.0000000
1     5.3333333   2.6666667   5.5000000
1     5.0000000   2.0000000   6.0000000
1     5.3333333   2.6666667   6.5000000
1     5.0000000   2.0000000   7.0000000
1     5.3333333   2.6666667   7.5000000
1     5.0000000   3.0000000   0.0000000
1     5.3333333   3.6666667   0.5000000
1     5.0000000   3.0000000   1.0000000
1     5.3333333   3.6666667   1.5000000
1     5.0000000   3.0000000   2.0000000
1     5.3333333   3.6666667   2.5000000
1     5.0000000   3.0000000   3.0000000
1     5.3333333   3.6666667   3.5000000
1     5.0000000   3.0000000   4.0000000
1     5.3333333   3.6666667   4.5000000
1     5.0000000   3.0000000   5.0000000
1     5.3333333   3.6666667   5.5000000
1     5.0000000   3.0000000   6.0000000
1     5.3333333   3.6666667   6.5000000
1     5.0000000   3.0000000   7.0000000
1     5.3333333   3.6666667   7.5000000
1     5.0000000   4.0000000   0.0000000
1     5.3333333   4.6666667   0.5000000
1     5.0000000   4.0000000   1.0000000
1     5.3333333   4.6666667   1.5000000
1     5.0000000   4.0000000   2.0000000
1     5.3333333   4.6666667   2.5000000
1     5.0000000   4.0000000   3.0000000
1     5.3333333   4.6666667   3.5000000
1     5.0000000   4.0000000   4.0000000
1     5.3333333   4.6666667   4.5000000
1     5.0000000   4.0000000   5.0000000
1     5.3333333   4.6666667   5.5000000
1     5.0000000   4.0000000   6.0000000
1     5.3333333   4.6666667   6.5000000
1     5.0000000   4.0000000   7.0000000
1     5.3333333   4.6666667   7.5000000
1     5.0000000   5.0000000   0.0000000
1     5.3333333   5.6666667   0.5000000
1     5.0000000   5.0000000   1.0000000
1     5.3333333   5.6666667   1.5000000
1     5.0000000   5.0000000   2.0000000
1     5.3333333   5.6666667   2.5000000
1     5.0000000   5.0000000   3.0000000
1     5.3333333   5.6666667   3.5000000
1     5.0000000   5.0000000   4.0000000
1     5.3333333   5.6666667   4.5000000
1     5.0000000   5.0000000   5.0000000
1     5.3333333   5.6666667   5.5000000
1     5.0000000   5.0000000   6.0000000
1     5.3333333   5.6666667   6.5000000
1     5.0000000   5.0000000   7.0000000
1     5.3333333   5.6666667   7.5000000
1     5.0000000   6.0000000   0.0000000
1     5.3333333   6.6666667   0.5000000
1     5.0000000   6.0000000   1.0000000
1     5.3333333   6.6666667   1.5000000
1     5.0000000   6.0000000   2.0000000
1     5.3333333   6.6666667   2.5000000
1     5.0000000   6.0000000   3.0000000
1     5.3333333   6.6666667   3.5000000
1     5.0000000   6.0000000   4.0000000
1     5.3333333   6.6666667   4.5000000
1     5.0000000   6.0000000   5.0000000
1     5.3333333   6.6666667   5.5000000
1     5.0000000   6.0000000   6.0000000
1     5.3333333   6.6666667   6.5000000
1     5.0000000   6.0000000   7.0000000
1     5.3333333   6.6666667   7.5000000
1     5.0000000   7.0000000   0.0000000
1     5.3333333   7.6666667   0.5000000
1     5.0000000   7.0000000   1.0000000
1     5.3333333   7.6666667   1.5000000
1     5.0000000   7.0000000   2.0000000
1     5.3333333   7.6666667   2.5000000
1     5.0000000   7.0000000   3.0000000
1     5.3333333   7.6666667   3.5000000
1     5.0000000   7.0000000   4.0000000
1     5.3333333   7.6666667   4.5000000
1     5.0000000   7.0000000   5.0000000
1     5.3333333   7.6666667   5.5000000
1     5.0000000   7.0000000   6.0000000
1     5.3333333   7.6666667   6.5000000
1     5.0000000   7.0000000   7.0000000
1     5.3333333   7.6666667   7.5000000
1     6.0000000   0.0000000   0.0000000
1     6.3333333   0.6666667   0.5000000
1     6.0000000   0.0000000   1.0000000
1     6.3333333   0.6666667   1.5000000
1     6.0000000   0.0000000   2.0000000
1     6.3333333   0.6666667   2.5000000
1     6.0000000   0.0000000   3.0000000
1     6.3333333   0.6666667   3.5000000
1     6.0000000   0.0000000   4.0000000
1     6.3333333   0.6666667   4.5000000
1     6.0000000   0.0000000   5.0000000
1     6.3333333   0.6666667   5.5000000
1     6.0000000   0.0000000   6.0000000
1     6.3333333   0.6666667   6.5000000
1     6.0000000   0.0000000   7.0000000
1     6.3333333   0.6666667   7.5000000
1     6.0000000   1.0000000   0.0000000
1     6.3333333   1.6666667   0.5000000
1     6.0000000   1.0000000   1.0000000
1     6.3333333   1.6666667   1.5000000
1     6.0000000   1.0000000   2.0000000
1     6.3333333   1.6666667   2.5000000
1     6.0000000   1.0000000   3.0000000
1     6.3333333   1.6666667   3.5000000
1     6.0000000   1.0000000   4.0000000
1     6.3333333   1.6666667   4.5000000
1     6.0000000   1.0000000   5.0000000
1     6.3333333   1.6666667   5.5000000
1     6.0000000   1.0000000   6.0000000
1     6.3333333   1.6666667   6.5000000
1     6.0000000   1.0000000   7.0000000
1     6.3333333   1.6666667   7.5000000
1     6.0000000   2.0000000   0.0000000
1     6.3333333   2.6666667   0.5000000
1     6.0000000   2.0000000   1.0000000
1     6.3333333   2.6666667   1.5000000
1     6.0000000   2.0000000   2.0000000
1     6.3333333   2.6666667   2.5000000
1     6.0000000   2.0000000   3.0000000
1     6.3333333   2.6666667   3.5000000
1     6.0000000   2.0000000   4.0000000
1     6.3333333   2.6666667   4.5000000
1     6.0000000   2.0000000   5.0000000
1     6.3333333   2.6666667   5.5000000
1     6.0000000   2.0000000   6.0000000
1     6.3333333   2.6666667   6.5000000
1     6.0000000   2.0000000   7.0000000
1     6.3333333   2.6666667   7.5000000
1     6.0000000   3.0000000   0.0000000
1     6.3333333   3.6666667   0.5000000
1     6.0000000   3.0000000   1.0000000
1     6.3333333   3.6666667   1.5000000
1     6.0000000   3.0000000   2.0000000
1     6.3333333   3.6666667   2.5000000
1     6.0000000   3.0000000   3.0000000
1     6.3333333   3.6666667   3.5000000
1     6.0000000   3.0000000   4.0000000
1     6.3333333   3.6666667   4.5000000
1     6.0000000   3.0000000   5.0000000
1     6.3333333   3.6666667   5.5000000
1     6.0000000   3.0000000   6.0000000
1     6.3333333   3.6666667   6.5000000
1     6.0000000   3.0000000   7.0000000
1     6.3333333   3.6666667   7.5000000
1     6.0000000   4.0000000   0.0000000
1     6.3333333   4.6666667   0.5000000
1     6.0000000   4.0000000   1.0000000
1     6.3333333   4.6666667   1.5000000
1     6.0000000   4.0000000   2.0000000
1     6.3333333   4.6666667   2.5000000
1     6.0000000   4.0000000   3.0000000
1     6.3333333   4.6666667   3.5000000
1     6.0000000   4.0000000   4.0000000
1     6.3333333   4.6666667   4.5000000
1     6.0000000   4.0000000   5.0000000
1     6.3333333   4.6666667   5.5000000
1     6.0000000   4.0000000   6.0000000
1     6.3333333   4.6666667   6.5000000
1     6.0000000   4.0000000   7.0000000
1     6.3333333   4.6666667   7.5000000
1     6.0000000   5.0000000   0.0000000
1     6.3333333   5.6666667   0.5000000
1     6.0000000   5.0000000   1.0000000
1     6.3333333   5.6666667   1.5000000
1     6.0000000   5.0000000   2.0000000
1     6.3333333   5.6666667   2.5000000
1     6.0000000   5.0000000   3.0000000
1     6.3333333   5.6666667   3.5000000
1     6.0000000   5.0000000   4.0000000
1     6.3333333   5.6666667   4.5000000
1     6.0000000   5.0000000   5.0000000
1     6.3333333   5.6666667   5.5000000
1     6.0000000   5.0000000   6.0000000
1     6.3333333   5.6666667   6.5000000
1     6.0000000   5.0000000   7.0000000
1     6.3333333   5.6666667   7.5000000
1     6.0000000   6.0000000   0.0000000
1     6.3333333   6.6666667   0.5000000
1     6.0000000   6.0000000   1.0000000
1     6.3333333   6.6666667   1.5000000
1     6.0000000   6.0000000   2.0000000
1     6.3333333   6.6666667   2.5000000
1     6.0000000   6.0000000   3.0000000
1     6.3333333   6.6666667   3.5000000
1     6.0000000   6.0000000   4.0000000
1     6.3333333   6.6666667   4.5000000
1     6.0000000   6.0000000   5.0000000
1     6.3333333   6.6666667   5.5000000
1     6.0000000   6.0000000   6.0000000
1     6.3333333   6.6666667   6.5000000
1     6.0000000   6.0000000   7.0000000
1     6.3333333   6.6666667   7.5000000
1     6.0000000   7.0000000   0.0000000
1     6.3333333   7.6666667   0.5000000
1     6.0000000   7.0000000   1.0000000
1     6.3333333   7.6666667   1.5000000
1     6.0000000   7.0000000   2.0000000
1     6.3333333   7.6666667   2.5000000
1     6.0000000   7.0000000   3.0000000
1     6.3333333   7.6666667   3.5000000
1     6.0000000   7.0000000   4.0000000
1     6.3333333   7.6666667   4.5000000
1     6.0000000   7.0000000   5.0000000
1     6.3333333   7.6666667   5.5000000
1     6.0000000   7.0000000   6.0000000
1     6.3333333   7.6666667   6.5000000
1     6.0000000   7.0000000   7.0000000
1     6.3333333   7.6666667   7.5000000
1     7.0000000   0.0000000   0.0000000
1     7.3333333   0.6666667   0.5000000
1     7.0000000   0.0000000   1.0000000
1     7.3333333   0.6666667   1.5000000
1     7.0000000   0.0000000   2.0000000
1     7.3333333   0.6666667   2.5000000
1     7.0000000   0.0000000   3.0000000
1     7.3333333   0.6666667   3.5000000
1     7.0000000   0.0000000   4.0000000
1     7.3333333   0.6666667   4.5000000
1     7.0000000   0.0000000   5.0000000
1     7.3333333   0.6666667   5.5000000
1     7.0000000   0.0000000   6.0000000
1     7.3333333   0.6666667   6.5000000
1     7.0000000   0.0000000   7.0000000
1     7.3333333   0.6666667   7.5000000
1     7.0000000   1.0000000   0.0000000
1     7.3333333   1.6666667   0.5000000
1     7.0000000   1.0000000   1.0000000
1     7.3333333   1.6666667   1.5000000
1     7.0000000   1.0000000   2.0000000
1     7.3333333   1.6666667   2.5000000
1     7.0000000   1.0000000   3.0000000
1     7.3333333   1.6666667   3.5000000
1     7.0000000   1.0000000   4.0000000
1     7.3333333   1.6666667   4.5000000
1     7.0000000   1.0000000   5.0000000
1     7.3333333   1.6666667   5.5000000
1     7.0000000   1.0000000   6.0000000
1     7.3333333   1.6666667   6.5000000
1     7.0000000   1.0000000   7.0000000
1     7.3333333   1.6666667   7.5000000
1     7.0000000   2.0000000   0.0000000
1     7.3333333   2.6666667   0.5000000
1     7.0000000   2.0000000   1.0000000
1     7.3333333   2.6666667   1.5000000
1     7.0000000   2.0000000   2.0000000
1     7.3333333   2.6666667   2.5000000
1     7.0000000   2.0000000   3.0000000
1     7.3333333   2.6666667   3.5000000
1     7.0000000   2.0000000   4.0000000
1     7.3333333   2.6666667   4.5000000
1     7.0000000   2.0000000   5.0000000
1     7.3333333   2.6666667   5.5000000
1     7.0000000   2.0000000   6.0000000
1     7.3333333   2.6666667   6.5000000
1     7.0000000   2.0000000   7.0000000
1     7.3333333   2.6666667   7.5000000
1     7.0000000   3.0000000   0.0000000
1     7.3333333   3.6666667   0.5000000
1     7.0000000   3.0000000   1.0000000
1     7.3333333   3.6666667   1.5000000
1     7.0000000   3.0000000   2.0000000
1     7.3333333   3.6666667   2.5000000
1     7.0000000   3.0000000   3.0000000
1     7.3333333   3.6666667   3.5000000
1     7.0000000   3.0000000   4.0000000
1     7.3333333   3.6666667   4.5000000
1     7.0000000   3.0000000   5.0000000
1     7.3333333   3.6666667   5.5000000
1     7.0000000   3.0000000   6.0000000
1     7.3333333   3.6666667   6.5000000
1     7.0000000   3.0000000   7.0000000
1     7.3333333   3.6666667   7.5000000
1     7.0000000   4.0000000   0.0000000
1     7.3333333   4.6666667   0.5000000
1     7.0000000   4.0000000   1.0000000
1     7.3333333   4.6666667   1.5000000
1     7.0000000   4.0000000   2.0000000
1     7.3333333   4.6666667   2.5000000
1     7.0000000   4.0000000   3.0000000
1     7.3333333   4.6666667   3.5000000
1     7.0000000   4.0000000   4.0000000
1     7.3333333   4.6666667   4.5000000
1     7.0000000   4.0000000   5.0000000
1     7.3333333   4.6666667   5.5000000
1     7.0000000   4.0000000   6.0000000
1     7.3333333   4.6666667   6.5000000
1     7.0000000   4.0000000   7.0000000
1     7.3333333   4.6666667   7.5000000
1     7.0000000   5.0000000   0.0000000
1     7.3333333   5.6666667   0.5000000
1     7.0000000   5.0000000   1.0000000
1     7.3333333   5.6666667   1.5000000
1     7.0000000   5.0000000   2.0000000
1     7.3333333   5.6666667   2.5000000
1     7.0000000   5.0000000   3.0000000
1     7.3333333   5.6666667   3.5000000
1     7.0000000   5.0000000   4.0000000
1     7.3333333   5.6666667   4.5000000
1     7.0000000   5.0000000   5.0000000
1     7.3333333   5.6666667   5.5000000
1     7.0000000   5.0000000   6.0000000
1     7.3333333   5.6666667   6.5000000
1     7.0000000   5.0000000   7.0000000
1     7.3333333   5.6666667   7.5000000
1     7.0000000   6.0000000   0.0000000
1     7.3333333   6.6666667   0.5000000
1     7.0000000   6.0000000   1.0000000
1     7.3333333   6.6666667   1.5000000
1     7.0000000   6.0000000   2.0000000
1     7.3333333   6.6666667   2.5000000
1     7.0000000   6.0000000   3.0000000
1     7.3333333   6.6666667   3.5000000
1     7.0000000   6.0000000   4.0000000
1     7.3333333   6.6666667   4.5000000
1     7.0000000   6.0000000   5.0000000
1     7.3333333   6.6666667   5.5000000
1     7.0000000   6.0000000   6.0000000
1     7.3333333   6.6666667   6.5000000
1     7.0000000   6.0000000   7.0000000
1     7.3333333   6.6666667   7.5000000
1     7.0000000   7.0000000   0.0000000
1     7.3333333   7.6666667   0.5000000
1     7.0000000   7.0000000   1.0000000
1     7.3333333   7.6666667   1.5000000
1     7.0000000   7.0000000   2.0000000
1     7.3333333   7.6666667   2.5000000
1     7.0000000   7.0000000   3.0000000
1     7.3333333   7.6666667   3.5000000
1     7.0000000   7.0000000   4.0000000
1     7.3333333   7.6666667   4.5000000
1     7.0000000   7.0000000   5.0000000
1     7.3333333   7.6666667   5.5000000
1     7.0000000   7.0000000   6.0000000
1     7.3333333   7.6666667   6.5000000
1     7.0000000   7.0000000   7.0000000
1     7.3333333   7.6666667   7.5000000
